  27.5  41.6  30.9  20.3  21.6  21.6   2.7  33.6  51.0  67.1  98.0   0.7  18.1  40.3  71.1 100.0   1.3  26.2  54.4  79.9  97.3  149   2lhb                      
  34.7  33.3  31.9  21.0  21.0  25.2   2.1  19.4  45.1  70.8  97.9   1.4  22.9  46.5  76.4  99.3   0.7  26.4  54.2  72.2 100.0  144   3sdha                     
  26.1  47.2  26.8  27.0  17.0  22.0   2.1  26.8  52.1  68.3  99.3   0.7  17.6  44.4  73.2  98.6   1.4  23.2  50.7  77.5 100.0  142   1flp                      
  23.1  49.0  27.9  21.2  14.4  29.5   4.1  19.0  53.1  68.7  99.3   0.7  26.5  49.0  76.9 100.0   1.4  23.1  44.9  70.1  98.6  147   2hbg                      
  32.5  37.0  30.5  28.1  22.9  19.6   3.2  27.3  50.6  77.3  99.4   2.6  31.8  55.2  76.6 100.0   0.6  14.3  42.2  69.5  97.4  154   2mge                      
  26.5  41.9  31.6  24.4  20.0  25.9   2.9  22.8  44.9  69.9  99.3   1.5  24.3  49.3  77.9  98.5   0.7  20.6  48.5  76.5 100.0  136   1eca                      
  29.4  37.3  33.3  21.7  21.7  23.0   3.3  26.8  47.7  77.8  98.7   0.7  24.2  47.1  68.6 100.0   2.0  22.2  51.0  74.5  97.4  153   2gdm                      
  26.0  40.4  33.6  20.7  17.9  29.7   4.1  20.5  45.2  69.2  98.6   1.4  24.7  49.3  80.1 100.0   0.7  22.6  48.6  72.6  96.6  146   1babb                     
  22.7  44.7  32.6  22.9  16.4  29.3   4.3  19.1  49.6  72.3 100.0   0.7  26.2  47.5  73.0  98.6   1.4  21.3  48.9  75.9  99.3  141   1itha                     
  41.5  32.7  25.9  28.1  17.8  17.8   1.4  21.8  44.2  75.5 100.0   0.7  25.9  50.3  71.4  96.6   4.8  23.8  51.0  74.1  98.6  147   1ash                      
  31.8  36.3  31.8  25.6  21.8  21.8   4.5  19.7  48.4  73.2  98.7   0.6  28.0  46.5  70.7 100.0   2.5  24.2  51.6  76.4  98.1  157   1hlb                      
  24.7  50.6  24.7  24.8  14.9  25.5   1.2  20.4  50.0  74.1  98.1   1.9  24.1  43.8  71.6 100.0   0.6  27.2  58.6  75.3  99.4  162   1cpca                     
  26.7  44.2  29.1  24.6  15.2  26.3   1.7  20.9  44.8  66.3  96.5   2.3  28.5  54.7  79.7 100.0   0.6  23.3  51.2  69.8  99.4  172   1cpcb                     
  43.6  30.8  25.6  31.2  26.0  15.6   1.3  23.1  53.8  74.4 100.0   2.6  28.2  48.7  64.1  98.7   3.8  21.8  37.2  78.2  97.4  78   1grj1                      
  45.5  26.4  28.2  22.0  25.7  19.3   2.7  23.6  45.5  67.3  90.9  10.0  29.1  61.8  83.6 100.0   0.9  16.4  36.4  75.5  96.4  110   1srya1                    
  26.8  46.3  26.8  24.7  19.8  22.2   3.7  29.3  52.4  69.5  95.1   1.2  19.5  37.8  70.7 100.0   2.4  22.0  57.3  78.0  97.6  82   1isca1                     
  31.5  46.8  21.6  27.3  12.7  16.4   4.5  21.6  54.1  73.0  97.3   0.9  23.4  45.9  71.2 100.0   2.7  25.2  59.5  79.3  95.5  111   1ccr                      
  35.5  42.7  21.8  34.1  17.1  17.1   0.8  25.8  54.0  76.6  99.2   2.4  24.2  41.9  67.7 100.0   9.7  17.7  55.6  80.6  98.4  124   1cxa                      
  32.9  40.2  26.8  29.6  12.3  24.7   1.2  12.2  50.0  78.0 100.0   3.7  30.5  47.6  70.7  97.6   6.1  15.9  41.5  72.0  96.3  82   2pac                       
  28.6  44.9  26.5  23.3  15.1  24.7   2.0  16.3  34.0  75.5  99.3   0.7  33.3  53.7  72.1 100.0   2.7  21.1  49.7  74.8  98.6  147   2mtac                     
  32.9  44.3  22.8  30.8  12.8  21.8   2.5  38.0  53.2  78.5  98.7   1.3  17.7  35.4  63.3  97.5   7.6  16.5  48.1  75.9 100.0  79   1c53                       
  25.0  48.8  26.2  21.5  17.7  20.3   1.2  25.0  56.2  83.8  98.8   2.5  21.2  37.5  75.0 100.0   7.5  27.5  46.2  61.2  91.2  80   1fcdc1                     
  37.2  39.4  23.4  26.9  17.2  23.7   2.1  23.4  53.2  70.2 100.0   1.1  18.1  44.7  72.3  97.9   5.3  25.5  52.1  75.5  94.7  94   1fcdc2                     
  51.9  24.1  24.1  22.6  24.5  15.1   1.9  29.6  50.0  74.1  98.1   3.7   9.3  22.2  61.1  96.3  11.1  25.9  59.3  79.6 100.0  54   1enh                       
  45.5  29.9  24.7  25.0  21.1  13.2   1.3  24.7  42.9  76.6  98.7   6.5  19.5  55.8  68.8 100.0   2.6  15.6  50.6  74.0  97.4  77   1lfb                       
  47.5  25.4  27.1  24.1  27.6  13.8   3.4  25.4  55.9  81.4  98.3   1.7   6.8  42.4  66.1 100.0  10.2  23.7  45.8  69.5  84.7  59   1aplc                      
  49.2  19.7  31.1  15.0  23.3  13.3   1.6  18.0  49.2  83.6  98.4   9.8  16.4  36.1  45.9 100.0  13.1  26.2  54.1  73.8  96.7  61   1hdp                       
  36.0  36.0  28.0  18.4  16.3  28.6   4.0  16.0  34.0  48.0 100.0   2.0  26.0  60.0  74.0  88.0   8.0  30.0  56.0  66.0  98.0  50   1hcra                      
  39.5  32.6  27.9  23.8  21.4  21.4   4.7  11.6  30.2  67.4 100.0   2.3  41.9  53.5  72.1  97.7  14.0  27.9  44.2  69.8  90.7  43   1ret                       
  43.6  25.5  30.9  24.1  25.9  16.7   7.3  23.6  47.3  78.2 100.0   9.1  14.5  50.9  65.5  94.5   1.8  12.7  34.5  61.8  98.2  55   1msec1                     
  44.0  32.0  24.0  28.6  18.4  20.4   2.0  18.0  44.0  72.0  98.0   4.0  26.0  48.0  68.0  90.0   8.0  24.0  52.0  76.0 100.0  50   1msec2                     
  36.1  36.1  27.8  26.8  19.7  21.1   2.8  18.1  47.2  72.2 100.0   4.2  30.6  50.0  68.1  90.3   1.4  19.4  48.6  77.8  95.8  72   1leb                       
  33.8  32.4  33.8  23.9  22.4  23.9   1.5  22.1  47.1  70.6  94.1   4.4  20.6  36.8  66.2  95.6   2.9  19.1  55.9  76.5 100.0  68   3gapb2                     
  29.7  47.3  23.0  24.7  20.5  17.8   9.5  25.7  48.6  67.6 100.0   1.4  14.9  40.5  74.3  98.6  10.8  36.5  60.8  71.6  97.3  74   1hsta                      
  37.7  28.3  34.0  18.1  24.8  19.0   9.4  29.2  50.9  78.3 100.0   0.9  17.0  47.2  67.0  91.5   3.8  22.6  45.3  73.6  97.2  106   1hks                      
  32.4  40.5  27.0  22.2  22.2  22.2  16.2  29.7  54.1  83.8  94.6   5.4  10.8  45.9  62.2  97.3   2.7  13.5  37.8  64.9 100.0  37   1bbl                       
  34.9  34.9  30.2  19.0  23.8  16.7  18.6  27.9  44.2  67.4  83.7   7.0  14.0  53.5  86.0 100.0   2.3   9.3  41.9  69.8  90.7  43   2pde                       
  27.5  42.5  30.0  23.1  15.4  33.3   2.5  10.0  30.0  57.5  87.5   5.0  32.5  55.0  77.5  97.5   7.5  25.0  45.0  75.0 100.0  40   1erl                       
  17.5  47.5  35.0  17.9  10.3  51.3   2.5   2.5  17.5  52.5  90.0   5.0  25.0  47.5  75.0 100.0   7.5  22.5  50.0  70.0  97.5  40   1erd                       
  34.2  28.9  36.8  18.9  21.6  21.6   2.6  13.2  31.6  57.9  92.1  15.8  18.4  52.6  68.4 100.0   5.3  21.1  50.0  78.9  97.4  38   1erp                       
  42.4  28.5  29.2  25.9  31.5  16.1   1.4  25.7  48.6  75.7  97.9   0.7  27.8  50.0  72.9 100.0   2.8  17.4  43.8  71.5  96.5  144   1lpe                      
  37.0  38.4  24.7  31.7  19.3  16.6   1.4  20.5  49.3  74.0  98.6   3.4  33.6  52.7  78.1  99.3   0.7  17.8  43.2  72.6 100.0  146   1was                      
  46.2  33.0  20.8  31.4  28.6   7.6   1.9  19.8  47.2  75.5 100.0   0.9  33.0  50.0  82.1  99.1   2.8  15.1  45.3  64.2  88.7  106   256ba                     
  32.3  44.9  22.8  37.3  15.1  21.4   0.8  16.5  48.8  74.0 100.0   1.6  29.1  52.8  75.6  95.3   5.5  17.3  38.6  64.6  97.6  127   2ccya                     
  35.4  34.5  30.1  30.4  21.4  18.8   5.3  34.5  52.2  75.2  99.1   0.9  16.8  47.8  68.1  98.2   1.8  17.7  41.6  74.3 100.0  113   2hmza                     
  30.5  39.0  30.5  24.2  21.6  19.0   5.8  26.6  47.4  70.8  94.2   0.6  20.8  52.6  77.9 100.0   2.6  17.5  44.8  74.0  98.7  154   2tmvp                     
  31.8  42.2  26.0  28.1  18.3  24.8   3.2  26.6  53.2  79.2 100.0   0.6  18.8  48.1  67.5  99.4   2.6  27.9  42.9  74.7  97.4  154   3mdda1                    
  41.8  24.1  34.2  22.3  33.8  16.6   1.3  25.9  51.3  77.2  99.4   1.9  22.8  50.6  69.6 100.0   0.6  20.3  46.8  75.3  97.5  158   1bcfa                     
  40.1  32.0  27.9  19.3  26.3  20.5   1.7  26.2  46.5  69.8  97.7   0.6  18.6  48.8  77.3 100.0   2.3  27.3  54.1  74.4  99.4  172   1fha                      
  33.8  32.1  34.1  23.3  20.9  26.0   2.6  18.5  46.5  76.5  98.8   0.3  26.5  48.5  71.5  99.1   1.5  28.2  54.1  76.8 100.0  340   1riba                     
  33.9  36.2  29.9  24.0  21.9  23.0   0.3  24.5  49.7  75.0 100.0   1.3  21.4  44.3  73.2  99.5   1.6  27.3  51.8  75.5  99.7  384   1mmob                     
  33.6  36.5  29.9  26.6  20.4  22.5   0.6  19.9  48.0  74.8  99.6   0.2  26.2  48.4  72.1  99.8   1.8  28.1  53.1  76.6 100.0  512   1mmod                     
  23.9  40.3  35.8  15.8  20.9  29.7   2.5  15.7  49.7  71.1  98.1   0.6  28.9  52.8  77.4 100.0   1.3  25.2  47.2  69.8  99.4  159   1bgeb                     
  31.4  35.5  33.1  19.9  24.0  23.4   0.6  24.4  52.9  74.4  98.8   1.2  21.5  40.7  67.4  99.4   2.3  29.7  55.8  73.3 100.0  172   1lki                      
  32.5  33.1  34.3  22.4  22.4  24.8   4.8  19.9  43.4  71.1  97.0   1.2  22.3  42.8  74.1  99.4   0.6  27.1  52.4  75.3 100.0  166   1huw                      
  31.9  36.1  31.9  21.2  25.4  20.3   5.9  21.8  43.7  68.9 100.0   0.8  15.1  51.3  69.7  95.8   7.6  31.9  55.5  83.2  99.2  119   1gmfa                     
  37.2  32.6  30.2  20.3  23.4  20.3   1.6  28.7  55.0  79.1  97.7   0.8  26.4  45.0  72.9 100.0   2.3  18.6  50.4  72.1  98.4  129   1rcb                      
  39.9  24.5  35.7  19.0  30.3  19.7   1.4  28.7  54.5  79.0  99.3   0.7   8.4  42.7  66.4  98.6   2.8  23.8  44.8  75.5 100.0  143   1hmcb                     
  41.1  24.5  34.4  20.0  33.3  22.7   0.7  23.8  51.0  74.8 100.0   1.3  17.2  47.0  72.2  96.7   2.0  24.5  44.4  74.2  98.7  151   1ilk                      
  40.3  23.3  36.5  13.9  33.5  14.6   1.3  17.0  46.5  73.0 100.0   0.6  29.6  47.8  71.7  96.9   2.5  27.7  50.9  76.7  98.7  159   1ifa                      
  47.1  17.6  35.3  13.6  39.0  10.2   0.8  29.4  52.9  76.5 100.0   1.7  16.0  22.7  44.5  91.6   3.4  27.7  54.6  77.3  98.3  119   1rfba                     
  40.8  25.4  33.8  20.0  34.3  25.7   1.4  18.3  45.1  76.1 100.0  12.7  31.0  47.9  59.2  98.6   2.8  26.8  53.5  78.9  94.4  71   1pou                       
  35.6  35.6  28.7  23.3  18.6  32.6   4.6  13.8  32.2  64.4  96.6   1.1  31.0  50.6  77.0 100.0   2.3  29.9  52.9  73.6  98.9  87   1lmb3                      
  35.4  30.8  33.8  21.9  28.1  23.4   3.1  15.4  38.5  64.6  95.4   4.6  30.8  49.2  78.5 100.0   1.5  23.1  55.4  76.9  93.8  65   2cro                       
  38.2  32.9  28.9  34.7  24.0  22.7   2.6  18.4  42.1  63.2  96.1   3.9  32.9  56.6  78.9 100.0   1.3  22.4  43.4  69.7  97.4  76   1adr                       
  34.8  40.9  24.2  26.2  16.9  24.6   3.0  13.6  40.9  71.2  95.5   9.1  28.8  53.0  77.3 100.0   1.5  18.2  45.5  63.6  87.9  66   1croa                      
  43.4  26.3  30.3  24.0  30.7  10.7   2.6  23.7  44.7  73.7 100.0   3.9  19.7  46.1  59.2  98.7   1.3  31.6  52.6  81.6  97.4  76   4icb                       
  36.7  34.9  28.4  23.1  17.6  23.1   3.7  28.4  48.6  73.4  99.1   0.9  18.3  58.7  77.1 100.0   1.8  22.0  43.1  64.2  97.2  109   1rtp1                     
  44.1  29.4  26.5  27.3  30.3  12.1   2.9  11.8  41.2  64.7  91.2   5.9  20.6  55.9  79.4 100.0  17.6  29.4  38.2  67.6  88.2  34   1ctaa                      
  40.0  30.3  29.7  23.4  22.8  21.2   1.6  22.7  57.8  81.1 100.0   1.1  24.9  43.2  65.4  95.7   0.5  22.2  49.2  76.8  99.5  185   1rec                      
  34.5  31.6  33.9  22.5  21.4  20.8   1.1  19.5  46.6  66.1  96.0   0.6  26.4  50.6  75.3  98.9   1.7  27.6  52.3  77.0 100.0  174   2scpa                     
  39.5  29.2  31.4  21.7  29.3  20.7   1.6  20.0  39.5  69.2  99.5   0.5  28.6  54.6  82.2 100.0   1.1  22.2  51.9  70.8  97.8  185   2sas                      
  38.9  28.2  32.9  20.3  29.7  18.9   1.3  19.5  51.0  78.5  96.6   0.7  33.6  52.3  67.8 100.0   3.4  22.1  44.3  71.8  98.0  149   2scmc                     
  37.5  22.5  40.0  17.9  35.9  23.1   7.5  17.5  42.5  57.5 100.0   5.0  22.5  60.0  72.5  95.0   2.5  20.0  40.0  77.5  97.5  40   1mylb                      
  39.4  34.6  26.0  29.1  21.4  19.4   1.9  29.8  47.1  76.0  99.0   1.0  13.5  49.0  68.3 100.0   2.9  26.9  46.2  67.3  98.1  104   1cmca                     
  37.6  27.8  34.6  22.7  26.5  18.2   3.0  16.5  38.3  68.4 100.0   2.3  39.8  57.1  83.5  98.5   0.8  21.1  47.4  69.9  97.7  133   2gsta2                    
  34.6  35.4  30.0  28.7  20.2  21.7   1.5  16.2  39.2  66.9 100.0   0.8  26.2  51.5  76.9  98.5   6.9  21.5  53.1  70.0  95.4  130   1gsra2                    
  35.4  31.5  33.1  22.2  25.4  25.4   1.6  18.9  36.2  76.4  99.2   2.4  28.3  51.2  71.7  96.9   0.8  22.8  54.3  74.8 100.0  127   1gsq2                     
  32.2  37.8  30.0  24.7  24.7  24.7   2.2  35.6  48.9  70.0  98.9   4.4  22.2  44.4  73.3  97.8   1.1  14.4  53.3  81.1 100.0  90   1lpt                       
  24.8  40.5  34.7  18.3  22.5  30.0  11.6  31.4  49.6  71.1 100.0   1.7  19.8  43.8  75.2  99.2   0.8  23.1  50.4  76.0  96.7  121   1bip                      
  30.3  46.9  22.8  30.6  12.5  24.3   2.1  20.7  40.7  69.0  93.1   1.4  28.3  51.0  77.2 100.0   0.7  22.1  51.7  68.3  99.3  145   1ezm2                     
  28.6  47.8  23.6  25.6  13.8  25.6   1.9  18.6  43.5  70.8 100.0   1.2  28.6  49.7  75.2  98.8   0.6  19.3  54.7  72.0  99.4  161   8tlne2                    
  36.1  36.1  27.8  20.7  19.3  21.4   2.7  26.1  53.6  74.9  99.3   1.0  22.0  45.0  65.6  99.7   0.3  25.4  51.9  75.6 100.0  291   7ccp                      
  25.7  43.4  30.9  24.6  18.1  25.7   1.5  25.9  49.0  72.9  99.7   0.3  23.9  51.0  79.0 100.0   0.9  23.6  49.3  74.1  98.5  343   1lgaa                     
  33.0  38.8  28.2  22.5  14.7  26.5   1.9  15.5  50.5  75.7  98.1   1.0  22.3  43.7  68.9 100.0   8.7  30.1  55.3  80.6  95.1  103   1mypa                     
  33.3  33.3  33.3  20.6  21.7  24.5   0.2  22.9  50.9  74.5  99.1   0.9  24.9  46.8  72.7  99.8   0.4  25.3  53.2  76.0 100.0  462   1mypc                     
  31.1  36.3  32.6  23.5  17.8  27.0   0.2  24.9  49.4  71.1  99.5   0.7  21.5  48.6  78.0  99.8   0.5  27.2  52.6  76.3 100.0  405   2cp4                      
  36.3  32.4  31.3  23.9  21.7  21.7   0.7  23.9  46.0  73.7  98.9   0.2  25.2  53.8  75.1 100.0   0.4  24.5  51.0  74.6  99.6  457   2hpda                     
  30.3  38.8  30.8  22.9  18.5  26.0   0.5  25.7  50.5  76.2  99.8   0.7  23.5  50.0  71.8 100.0   0.2  24.8  47.6  76.7  99.3  412   1cpt                      
  29.9  41.8  28.4  27.8  20.3  19.5   9.7  29.1  53.7  80.6  99.3   2.2  20.1  41.0  71.6 100.0   0.7  23.1  52.2  70.9  97.8  134   1poc                      
  31.4  39.0  29.7  19.7  23.9  23.1   0.8  25.4  44.9  77.1  99.2   2.5  26.3  53.4  71.2  98.3   1.7  16.1  42.4  75.4 100.0  118   1poa                      
  38.0  32.2  29.8  25.0  21.7  15.8   3.3  31.4  57.9  80.2  98.3   0.8  18.2  33.1  59.5  99.2   1.7  23.1  47.1  72.7 100.0  121   1ppa                      
  51.6  16.1  32.3  10.0  40.0  13.3   3.2  19.4  35.5  67.7  90.3  45.2  45.2  54.8  58.1 100.0   6.5  16.1  41.9  74.2  96.8  31   2ztaa                      
  17.4  45.7  37.0  20.0  11.1  33.3   8.7  19.6  34.8  43.5  97.8   2.2  21.7  45.7  63.0 100.0   4.3  26.1  58.7  71.7  93.5  46   1pfia                      
  38.3  21.7  40.0  11.9  33.9  18.6   1.7  31.7  46.7  68.3  96.7   5.0  18.3  26.7  51.7  98.3   3.3  21.7  56.7  75.0 100.0  60   1scma                      
  31.0  43.7  25.4  21.2  17.5  22.2   0.9  24.4  51.2  77.0  99.5   1.9  27.2  47.4  76.5  97.2   0.5  20.2  45.5  67.1 100.0  213   6fabl                     
  33.0  37.9  29.1  32.2  15.6  23.9   4.4  26.7  49.0  72.3  98.1   0.5  26.2  52.9  76.2  99.5   1.5  18.4  44.2  77.7 100.0  206   1fc2d                     
  37.1  32.0  30.9  22.6  24.3  19.8   0.6  21.9  43.8  73.6  97.2   3.4  25.3  57.3  70.8 100.0   1.7  24.2  52.2  80.9  99.4  178   3cd4                      
  35.0  33.9  31.1  25.0  26.1  22.2   4.0  27.7  56.5  78.5  99.4   0.6  19.2  40.1  65.5  97.7   1.7  29.9  54.8  74.6 100.0  177   1cid                      
  41.3  30.2  28.5  23.0  29.2  21.3   1.1  22.3  41.9  68.7 100.0   0.6  27.9  60.9  82.1  98.9   2.2  22.9  52.5  72.1  98.3  179   1hnf                      
  28.7  32.7  38.6  19.0  23.0  28.0   3.0  21.8  52.5  77.2  99.0   2.0  20.8  48.5  70.3 100.0   1.0  23.8  40.6  71.3  98.0  101   1dlha2                    
  27.6  39.8  32.7  20.6  21.6  25.8   1.0  15.3  44.9  65.3  99.0   5.1  20.4  50.0  77.6 100.0   3.1  25.5  52.0  70.4  98.0  98   1dlhb                      
  27.5  41.8  30.8  21.1  18.9  31.1   3.3  20.9  47.3  64.8  98.9   1.1  13.2  54.9  75.8  96.7   6.6  27.5  49.5  72.5 100.0  91   1vaaa2                     
  33.3  38.4  28.3  27.6  25.5  23.5   2.0  19.2  44.4  74.7  99.0   4.0  20.2  55.6  73.7  94.9   1.0  27.3  49.5  65.7 100.0  99   1vaab                      
  26.3  40.4  33.3  21.2  15.9  28.3   1.8  16.7  49.1  63.2  86.8   0.9  28.1  50.0  78.9 100.0   2.6  21.1  45.6  81.6  98.2  114   1cd8                      
  35.9  34.0  30.1  29.4  23.5  19.6   2.9  27.2  46.6  63.1  98.1   1.9  23.3  51.5  78.6  99.0   1.0  20.4  42.7  71.8 100.0  103   1tlk                      
  33.0  42.9  24.2  37.8  13.3  24.4   1.1  24.2  57.1  82.4 100.0   4.4  22.0  47.3  67.0  96.7   2.2  20.9  42.9  68.1  97.8  91   1tnn                       
  22.5  51.0  26.5  23.8  12.9  28.7   2.0  14.7  46.1  58.8 100.0   1.0  25.5  44.1  72.5  99.0   2.9  24.5  55.9  81.4  98.0  102   1gof1                     
  17.6  55.3  27.1  19.0  11.9  34.5  16.5  25.9  58.8  80.0  95.3   1.2  18.8  44.7  71.8  97.6   5.9  21.2  47.1  70.6 100.0  85   1cgt1                      
  33.3  35.5  31.1  21.6  24.2  23.3   1.3  22.4  43.4  75.0  99.1   0.4  25.0  51.3  69.7 100.0   2.6  24.1  54.8  75.9  99.6  228   1oxy1                     
  29.0  43.0  28.0  22.2  18.2  28.3   2.0  17.0  40.0  68.0  99.0   3.0  29.0  52.0  74.0  95.0   1.0  25.0  47.0  76.0 100.0  100   1clc1                     
  28.4  45.9  25.7  25.9  21.3  15.7   4.6  25.7  45.0  74.3 100.0   0.9  22.0  49.5  67.9  99.1   7.3  27.5  42.2  79.8  98.2  109   1ctn1                     
  32.7  34.7  32.7  20.0  25.0  21.0   2.0  23.8  45.5  77.2 100.0   1.0  18.8  42.6  61.4  91.1   3.0  22.8  53.5  76.2  99.0  101   1ncia                     
  15.2  58.0  26.8  18.9  11.7  35.1  12.5  35.7  54.5  70.5  95.5   0.9  20.5  45.5  72.3 100.0   3.6  26.8  48.2  74.1  99.1  112   2mcm                      
  28.7  44.7  26.7  28.9  11.4  28.2   1.3  21.3  49.3  74.7  93.3   2.0  28.0  50.0  76.0 100.0   0.7  18.0  37.3  68.7  97.3  150   1xsoa                     
  18.7  57.1  24.2  23.3  12.2  28.9   4.4  30.8  46.2  80.2  98.9   1.1  25.3  51.6  74.7  97.8   3.3  15.4  44.0  67.0 100.0  91   1fna                       
  34.8  39.3  25.8  28.4  21.6  22.7   2.2  25.8  53.9  71.9  95.5   3.4  22.5  50.6  78.7 100.0   1.1  20.2  34.8  65.2  97.8  89   1ten                       
  28.0  46.0  26.0  22.2  17.2  24.2   3.0  20.0  32.0  62.0 100.0   6.0  33.0  54.0  81.0  99.0   1.0  16.0  46.0  69.0  97.0  100   1cfb1                     
  32.2  37.8  30.0  19.1  19.1  28.1   1.1  14.4  42.2  63.3 100.0   2.2  22.2  51.1  67.8  93.3   4.4  25.6  60.0  76.7  98.9  90   3hhr1                      
  34.9  32.1  33.0  23.8  29.5  22.9   1.9  30.2  49.1  74.5  99.1   0.9  17.0  50.9  73.6  98.1   4.7  17.9  43.4  67.9 100.0  106   3hhr2                     
  32.7  40.8  26.5  27.8  26.8  18.6   2.0  25.5  52.0  67.3 100.0   1.0  24.5  50.0  78.6  98.0   4.1  20.4  46.9  65.3  99.0  98   2hft1                      
  36.1  35.3  28.6  21.2  21.2  22.9   4.2  21.8  47.9  74.8  97.5   0.8  25.2  51.3  70.6 100.0   1.7  24.4  49.6  73.9  95.8  119   3dpa1                     
  34.1  31.9  34.1  19.4  28.4  22.4   4.4  20.0  48.9  75.6  98.5   0.7  25.9  48.1  71.9 100.0   3.0  22.2  49.6  72.6  97.8  135   1rsy                      
  34.3  35.4  30.3  24.5  28.6  24.5   2.0  19.2  44.4  74.7  99.0   4.0  18.2  52.5  72.7  94.9   1.0  27.3  51.5  70.7 100.0  99   1frub                      
  22.0  47.7  30.4  22.5  12.7  33.3   1.4  25.2  40.7  72.4 100.0   0.5  26.2  55.1  75.2  99.5   0.9  22.0  49.5  71.0  98.6  214   8fabb                     
  28.4  42.6  29.0  27.9  20.1  27.9   3.2  25.2  50.3  76.1  99.4   0.6  20.6  44.5  72.3 100.0   5.8  30.3  51.0  71.6  98.7  155   1ddt3                     
  17.3  58.2  24.5  14.7  12.8  33.0   8.2  16.4  43.6  62.7  93.6   0.9  29.1  55.5  80.0 100.0   7.3  15.5  38.2  65.5  99.1  110   1exg                      
  32.9  37.7  29.3  27.7  17.5  23.5   3.6  22.2  52.1  72.5 100.0   0.6  22.8  51.5  79.6  99.4   1.8  24.0  44.3  67.7  95.2  167   1ctm1                     
  24.0  49.0  26.9  13.6  20.4  26.2   2.9  19.2  45.2  67.3 100.0   1.0  27.9  51.0  80.8  96.2   4.8  21.2  46.2  68.3  99.0  104   1cgt2                     
  25.4  46.6  28.0  23.9  15.4  25.6   0.8  22.9  45.8  61.0 100.0   2.5  31.4  58.5  82.2  99.2   1.7  15.3  42.4  64.4  96.6  118   1etb1                     
  32.5  39.0  28.5  30.2  20.1  21.6   1.5  28.5  50.0  81.0  99.5   0.5  20.0  46.5  64.5  97.5   1.0  26.0  54.5  77.5 100.0  200   2pcda                     
  30.0  41.2  28.8  28.9  16.4  25.0   1.3  21.5  47.2  77.3 100.0   0.4  22.3  48.9  69.1  99.1   3.4  27.9  52.8  79.4  99.6  233   2pcdm                     
  28.3  40.4  31.3  22.4  15.3  28.6   2.0  30.3  51.5  68.7 100.0   6.1  23.2  52.5  80.8  98.0   1.0  15.2  40.4  70.7  99.0  99   1plc                       
  32.5  35.0  32.5  22.1  22.1  22.1   0.8  30.1  54.5  81.3 100.0   3.3  22.8  43.1  65.9  97.6   2.4  18.7  52.8  72.4  99.2  123   1pmy                      
  25.7  44.8  29.5  24.0  14.4  27.9   1.0  22.9  44.8  70.5 100.0   2.9  18.1  50.5  77.1  95.2   4.8  23.8  48.6  68.6  99.0  105   1aaj                      
  29.5  41.9  28.7  28.1  18.0  27.3   1.6  14.7  41.1  59.7 100.0   0.8  32.6  58.1  79.8  99.2   2.3  22.5  45.7  75.2  98.4  129   2azaa                     
  27.9  40.7  31.4  25.9  21.2  21.2   4.7  17.4  41.9  68.6  97.7   2.3  27.9  52.3  73.3  98.8   1.2  23.3  39.5  79.1 100.0  86   1cbp                       
  26.4  42.6  31.0  22.7  17.2  25.0   1.6  16.3  39.5  71.3 100.0   0.8  29.5  55.8  77.5  97.7   2.3  19.4  45.0  69.8  93.8  129   1aoza1                    
  27.3  45.5  27.3  29.3  16.3  25.0   2.4  22.0  47.4  69.9 100.0   0.5  30.1  55.5  77.5  99.5   1.0  19.6  42.6  65.1  98.1  209   1aoza2                    
  29.0  38.3  32.7  20.2  19.2  26.8   1.9  24.3  43.9  64.5  99.5   0.5  25.7  53.3  77.6 100.0   1.4  21.5  50.9  73.8  97.2  214   1aoza3                    
  27.7  39.6  32.7  18.4  19.6  25.9   0.6  24.5  45.3  70.4 100.0   1.9  30.8  58.5  75.5  96.9   1.3  22.6  46.5  78.0  97.5  159   1nrd1                     
  28.2  44.3  27.5  27.7  18.5  20.0   1.5  25.2  52.7  79.4  97.7   0.8  21.4  48.9  71.0 100.0   2.3  26.7  45.0  68.7  94.7  131   1htp                      
  32.5  31.2  36.2  20.3  27.8  20.3   3.8  21.2  40.0  52.5  95.0   1.2  20.0  62.5  83.8 100.0   2.5  23.8  45.0  70.0  93.8  80   1lac                       
  29.7  35.4  34.8  22.9  20.4  28.0   0.6  21.5  56.3  75.9 100.0   1.3  24.7  46.2  73.4  92.4   1.9  22.8  48.7  72.2  99.4  158   1gpr                      
  24.1  50.0  25.9  13.5  14.4  27.0   5.4  24.1  35.7  73.2 100.0   0.9  22.3  56.2  78.6  99.1   4.5  26.8  43.8  68.8  94.6  112   1cgt4                     
  22.5  51.0  26.5  20.8   8.9  31.7   2.0  15.7  30.4  61.8  98.0   1.0  28.4  51.0  72.5  97.1   5.9  22.5  59.8  78.4 100.0  102   6taa2                     
  29.0  43.0  28.0  25.0  15.2  28.3   2.2  15.1  33.3  68.8 100.0   1.1  37.6  55.9  77.4  98.9   4.3  25.8  45.2  67.7  94.6  93   1ppi2                      
  22.0  50.8  27.1  27.6  12.1  27.6   1.7  39.0  55.9  79.7  96.6   3.4  18.6  37.3  69.5  91.5  10.2  27.1  47.5  76.3 100.0  59   1amg2                      
  33.9  35.7  30.4  29.1  27.3  16.4   3.6  12.5  37.5  64.3 100.0   1.8  28.6  57.1  80.4  92.9  10.7  26.8  44.6  66.1  96.4  56   1amy2                      
  29.4  41.9  28.7  23.3  19.8  23.1   0.2  30.1  50.1  76.7  98.8   0.9  23.5  49.2  72.7 100.0   0.5  19.8  49.4  74.8  99.5  425   2bpa1                     
  23.4  41.7  34.9  20.7  19.0  25.3   1.7  28.6  49.1  76.6 100.0   2.3  21.7  44.0  66.3  98.9   0.6  26.9  51.4  81.1  99.4  175   2bpa2                     
  31.0  37.5  31.5  22.4  22.4  21.3   1.6  22.8  44.0  64.7  99.5   0.5  23.4  52.7  81.0 100.0   1.1  29.3  51.1  73.4  97.8  184   2stv                      
  21.1  46.2  32.7  19.7  16.7  33.3   2.0  37.7  57.3  71.9  99.5   0.5  28.1  49.2  74.9  98.5   1.5  16.6  42.2  69.3 100.0  199   4sbva                     
  22.9  44.7  32.4  18.4  15.9  30.7   2.8  25.0  40.8  61.6 100.0   0.4  24.6  53.5  75.4  98.6   0.7  23.2  53.2  78.5  99.6  284   2tbva                     
  23.7  44.5  31.8  20.9  17.5  31.2   0.6  18.1  48.0  75.1 100.0   0.3  26.2  50.2  74.5  99.4   1.9  25.9  50.5  73.5  98.8  321   2bbvc                     
  28.0  46.2  25.8  25.4  17.8  21.1   3.2  20.4  45.7  76.3  97.8   0.5  30.6  54.8  74.2 100.0   5.9  26.9  43.0  73.7  98.9  186   1bbt1                     
  24.9  43.4  31.7  22.1  16.7  27.0   2.4  24.4  49.8  75.1 100.0   1.5  16.1  41.5  72.2  99.0   0.5  30.2  53.7  73.2  98.0  205   1bbt2                     
  30.5  41.4  28.1  24.7  20.3  22.1   1.8  23.7  52.4  78.5  99.6   0.2  28.8  51.3  71.0 100.0   0.4  18.8  43.2  77.4  99.8  548   2cas                      
  29.7  44.0  26.4  28.7  16.9  22.1   3.7  27.8  48.7  78.8  99.3   0.4  21.2  51.3  72.5 100.0   0.7  23.1  47.6  73.6  98.9  273   4rhv1                     
  23.5  43.5  32.9  22.4  15.7  29.1   1.6  17.6  41.6  65.5 100.0   0.4  23.9  50.2  76.9  99.6   2.4  31.0  52.9  77.3  99.2  255   4rhv2                     
  23.7  44.9  31.4  19.1  14.5  26.4   5.1  23.7  37.7  72.9 100.0   0.4  22.9  51.3  74.6  99.6   0.8  28.8  51.7  78.8  99.2  236   4rhv3                     
  25.7  45.5  28.7  24.0  14.2  25.5   1.1  20.1  39.9  75.7  99.3   0.4  23.9  51.5  71.6 100.0   0.7  26.5  52.6  77.6  99.6  268   2mev1                     
  27.3  43.8  28.9  21.0  19.4  25.0   0.4  21.7  45.4  65.9 100.0   1.6  22.1  47.4  78.3  99.2   1.2  30.9  52.2  76.7  98.8  249   2mev2                     
  19.0  50.2  30.7  19.1  11.7  34.3   3.5  24.2  44.6  74.0 100.0   0.4  23.8  50.6  73.2  99.6   1.3  25.1  48.9  74.9  98.7  231   2mev3                     
  26.1  45.7  28.3  22.2  13.3  26.7   6.5  21.7  37.0  50.0  67.4   2.2  13.0  47.8  76.1 100.0  15.2  28.3  60.9  80.4  97.8  46   1fod4                      
  34.1  37.6  28.2  34.5  20.2  22.6   2.4  24.7  54.1  71.8  97.6   1.2  22.4  47.1  72.9 100.0   3.5  25.9  48.2  80.0  95.3  85   4gcr1                      
  35.0  35.0  30.0  22.2  21.2  28.3   3.0  18.0  54.0  76.0 100.0   2.0  24.0  45.0  69.0  97.0   1.0  19.0  51.0  75.0  96.0  100   1prs1                     
  27.4  36.3  36.3  23.6  24.4  27.6   0.8  17.7  41.9  68.5  97.6   3.2  27.4  46.8  72.6 100.0   1.6  21.0  53.2  75.0  96.0  124   2sblb1                    
  32.1  33.0  34.8  24.3  25.2  20.7   0.9  27.7  47.3  73.2  92.9   3.6  19.6  40.2  70.5  99.1   1.8  20.5  55.4  75.9 100.0  112   1lpbb2                    
  29.3  48.0  22.7  30.9  13.4  24.2   7.3  22.7  48.7  74.7  98.0   0.7  26.7  50.7  73.3 100.0   3.3  25.3  54.0  77.3  97.3  150   1gof3                     
  26.4  44.4  29.2  18.9  21.7  27.3   2.1  22.2  50.7  71.5  97.2   4.9  29.2  47.9  70.8  99.3   0.7  18.8  52.8  79.2 100.0  144   1dlc3                     
  29.0  42.6  28.4  28.6  15.4  27.4   2.8  21.6  58.0  76.7 100.0   1.1  23.3  47.2  69.3  99.4   0.6  25.6  46.0  76.1  97.7  176   1lena                     
  27.6  46.7  25.7  23.9  22.1  18.3   0.5  20.1  48.6  71.0 100.0   0.9  25.7  46.7  75.7  99.5   2.8  23.8  51.4  74.8  97.7  214   2ayh                      
  33.8  32.3  33.8  22.7  29.5  19.7   5.3  26.3  46.6  73.7 100.0   1.5  21.1  49.6  72.2  98.5   0.8  22.6  44.4  72.9  99.2  133   1slta                     
  28.9  37.3  33.8  24.6  17.7  22.2   1.5  26.0  48.5  71.1  97.5   0.5  23.5  49.0  73.0  98.0   2.0  24.0  51.0  77.9 100.0  204   1saca                     
  25.6  50.0  24.2  24.5  14.8  23.6   1.6  27.2  50.0  73.0  99.3   0.5  23.0  51.2  76.5 100.0   0.9  24.9  48.2  71.7  98.2  434   1cela                     
  23.8  54.1  22.2  31.5  12.0  23.4   2.2  21.6  53.5  73.0  97.8   0.5  25.4  50.3  74.6  98.9   3.2  20.5  41.6  77.8 100.0  185   1xnb                      
  19.1  46.8  34.0   8.7  21.7  30.4  12.8  14.9  27.7  42.6  93.6   2.1  21.3  57.4  72.3 100.0  10.6  23.4  40.4  76.6  95.7  47   1lobd                      
  30.5  42.4  27.1  36.2  13.8  25.9  15.3  25.4  42.4  59.3 100.0   3.4  23.7  57.6  79.7  96.6   1.7   8.5  44.1  62.7  98.3  59   1shfa                      
  42.1  26.3  31.6  17.9  25.0  17.9   1.8  22.8  52.6  73.7 100.0  10.5  17.5  40.4  80.7  91.2   5.3  12.3  49.1  68.4  98.2  57   1shg                       
  38.2  39.5  22.4  33.3  12.0  25.3   1.3  18.4  39.5  64.5 100.0   2.6  28.9  55.3  78.9  98.7  10.5  30.3  44.7  65.8  97.4  76   1pkt                       
  39.4  32.4  28.2  24.3  20.0  17.1   8.5  28.2  50.7  71.8 100.0   1.4  11.3  40.8  67.6  97.2   7.0  18.3  43.7  74.6  95.8  71   2hsp                       
  36.2  36.2  27.6  29.8  14.0  24.6   5.2  27.6  58.6  74.1 100.0   1.7  19.0  39.7  65.5  93.1   6.9  31.0  44.8  63.8  94.8  58   1cska                      
  41.4  27.6  31.0  29.8  22.8  15.8   1.7  24.1  53.4  70.7 100.0   3.4  27.6  48.3  86.2  98.3   6.9  15.5  46.6  65.5  94.8  58   1sema                      
  30.4  39.1  30.4  19.1  25.0  22.1   4.3  17.4  42.0  66.7  95.7   1.4  26.1  44.9  73.9 100.0   2.9  24.6  47.8  62.3  98.6  69   1pse                       
  43.5  30.6  25.8  24.6  26.2  13.1   6.5  19.4  43.5  79.0 100.0   1.6  14.5  53.2  66.1  82.3   4.8  25.8  40.3  72.6  93.5  62   1sso                       
  35.9  35.0  29.1  25.5  20.6  22.5   2.9  22.3  54.4  70.9 100.0   1.0  18.4  43.7  72.8  97.1   4.9  24.3  48.5  74.8  98.1  103   1ltsd                     
  31.9  36.2  31.9  25.0  20.6  26.5   4.3  21.7  39.1  53.6 100.0   1.4  17.4  55.1  73.9  92.8   5.8  31.9  56.5  72.5  98.6  69   1bova                      
  24.5  48.2  27.3  26.6  10.1  27.5   3.6  24.5  49.1  73.6  94.5   0.9  17.3  43.6  76.4  98.2   1.8  30.0  57.3  69.1 100.0  110   1prtc2                    
  25.5  37.3  37.3  15.6  22.0  22.0   0.9  32.7  62.7  81.8  98.2   2.7  22.7  39.1  57.3 100.0   1.8  20.9  47.3  72.7  99.1  110   1prtd                     
  25.5  40.8  33.7  18.6  19.6  28.9   7.1  19.4  38.8  69.4 100.0   2.0  32.7  55.1  77.6  98.0   1.0  25.5  41.8  70.4  99.0  98   1prtf                      
  39.0  36.8  24.3  34.1  18.5  17.0   0.7  29.4  51.5  74.3  97.8   2.2  26.5  47.1  75.0 100.0   1.5  19.9  44.1  69.1  99.3  136   1kab                      
  32.3  44.1  23.7  27.2  17.4  19.6   3.2  19.4  41.9  73.1 100.0   1.1  24.7  53.8  77.4  97.8   6.5  21.5  45.2  60.2  94.6  93   1tssa1                     
  39.4  31.4  29.2  25.7  22.1  18.4   0.7  18.2  38.0  64.2  98.5   2.2  25.5  49.6  81.0  99.3   8.0  32.1  59.9  75.9 100.0  137   1asza1                    
  35.7  37.1  27.1  27.6  21.9  20.8   1.8  22.5  48.9  71.8  98.9   0.4  30.0  50.0  82.1  97.9   2.5  24.3  49.6  67.9 100.0  280   1pyp                      
  33.1  36.6  30.3  24.7  23.0  20.7   2.3  24.0  59.4  81.7 100.0   0.6  26.9  44.6  66.9  98.3   1.1  22.9  41.7  70.3  96.6  175   1igp                      
  37.3  31.3  31.3  33.3  24.2  19.7   4.5  19.4  50.7  74.6  98.5   6.0  32.8  55.2  80.6 100.0   1.5  13.4  38.8  56.7  94.0  67   1csp                       
  28.2  40.0  31.8  19.0  23.8  25.0   2.4  17.6  35.3  58.8  95.3   8.2  22.4  55.3  70.6 100.0   1.2  31.8  51.8  81.2  97.6  85   1bgh                       
  40.7  30.9  28.4  28.8  23.8  16.2   1.2  19.8  49.4  70.4 100.0   6.2  29.6  45.7  61.7  97.5   4.9  17.3  43.2  79.0  98.8  81   1rip                       
  32.3  38.6  29.1  30.2  14.3  23.0   1.6  23.6  52.8  70.9  92.9   0.8  22.0  46.5  72.4  99.2   2.4  25.2  48.8  77.2 100.0  127   1bara                     
  38.4  30.1  31.5  24.1  24.8  21.4   0.7  21.2  52.7  70.5  98.6   2.1  28.1  50.0  80.1  99.3   1.4  25.3  46.6  72.6 100.0  146   8i1b                      
  33.1  33.1  33.8  17.7  24.1  24.1   1.4  15.5  47.9  62.7 100.0   0.7  32.4  55.6  76.1  98.6   2.1  24.6  43.7  78.9  99.3  142   1ilr1                     
  30.3  36.6  33.1  23.6  20.8  19.4   0.7  17.9  44.8  65.5 100.0   2.8  29.7  53.8  77.2  95.9   1.4  22.1  48.3  76.6  99.3  145   2ila                      
  30.7  40.0  29.3  25.2  17.3  18.0   2.1  21.4  36.4  70.7 100.0   3.6  25.7  55.7  77.9  99.3   0.7  20.0  44.3  70.0  97.1  140   1abrb1                    
  30.7  37.0  32.3  23.0  14.3  19.8   0.8  26.0  42.5  67.7  95.3   1.6  16.5  45.7  70.9  98.4   3.9  22.8  55.1  77.2 100.0  127   1abrb2                    
  33.7  36.1  30.1  23.0  20.0  23.0   2.4  29.5  59.0  80.1 100.0   3.0  21.1  47.6  70.5  95.8   0.6  23.5  50.0  72.3  97.6  166   1tie                      
  22.0  55.9  22.0  26.5   9.4  26.5   2.5  18.6  48.3  72.9  97.5   1.7  22.9  49.2  74.6  94.9   0.8  28.8  51.7  70.3 100.0  118   1hce                      
  31.6  40.4  27.9  29.6  17.0  23.0   2.2  19.9  47.8  72.8 100.0   0.7  25.7  47.1  69.1  98.5   3.7  22.1  55.9  74.3  97.8  136   1fnc1                     
  26.3  37.7  36.0  16.8  23.0  28.3   1.8  14.0  45.6  67.5 100.0   0.9  29.8  50.9  81.6  99.1   2.6  21.1  43.0  63.2  95.6  114   2cnd1                     
  35.9  39.8  24.3  27.5  14.7  24.5   3.9  20.4  53.4  72.8 100.0   1.0  30.1  46.6  74.8  98.1   7.8  22.3  43.7  68.9  97.1  103   2pia1                     
  33.0  35.0  32.0  21.2  21.2  27.3   3.0  29.0  49.0  72.0  94.0   1.0  24.0  50.0  75.0 100.0   2.0  17.0  44.0  74.0  98.0  100   1eft2                     
  28.9  42.1  28.9  24.2  20.0  25.0   2.5  27.3  57.0  72.7 100.0   0.8  20.7  43.0  66.1  98.3   1.7  24.8  43.8  78.5  99.2  121   1efg2                     
  23.2  54.4  22.4  19.1  13.0  20.6   2.7  18.6  47.1  69.6  99.6   0.4  25.9  54.0  75.7 100.0   0.8  19.0  45.2  69.2  99.2  263   1arb                      
  17.1  59.7  23.2  21.1   8.9  28.9   2.8  29.3  43.6  63.5  94.5   1.1  24.9  53.0  77.3  98.9   0.6  18.8  49.2  71.8 100.0  181   2sga                      
  21.2  52.0  26.8  26.4   9.1  29.4   1.0  31.3  59.1  78.3  96.0   0.5  23.7  49.0  72.7 100.0   1.5  20.2  42.9  74.2  99.0  198   2alp                      
  14.0  53.5  32.6  16.7   9.5  31.0  23.3  23.3  44.2  72.1 100.0   7.0  18.6  46.5  65.1  97.7   2.3  16.3  55.8  69.8  95.3  43   1epta                      
  41.7  33.3  25.0  28.6  20.0  20.0  16.7  33.3  58.3  72.2 100.0   2.8  11.1  27.8  66.7  97.2   5.6  25.0  38.9  55.6  91.7  36   1ppbl                      
  28.5  44.4  27.2  30.0  18.7  23.3   0.7  16.6  41.7  72.2  99.3   6.6  31.1  53.6  76.2  98.0   1.3  17.9  38.4  70.9 100.0  151   2snv                      
  32.8  35.8  31.3  18.2  19.7  28.8   1.5  20.9  34.3  56.7  92.5   6.0  38.8  62.7  85.1 100.0   4.5  16.4  41.8  64.2  98.5  67   2hnte                      
  27.0  42.1  30.9  22.5  18.5  22.5   1.3  19.1  40.1  64.5  99.3   0.7  26.3  55.3  77.6 100.0   6.6  24.3  48.7  74.3  97.4  152   2kaib                     
  32.1  35.8  32.1  23.1  23.1  19.4   3.7  25.7  47.7  76.1  97.2   0.9  24.8  48.6  69.7 100.0   1.8  15.6  46.8  74.3  98.2  109   1bbre                     
  28.3  35.4  36.4  18.4  24.5  25.5   2.0  25.3  55.6  69.7  99.0   1.0  19.2  43.4  74.7  97.0   3.0  23.2  53.5  76.8 100.0  99   2hpea                      
  28.3  33.6  38.1  17.0  18.8  31.2   5.3  23.9  51.3  68.1  99.1   1.8  20.4  40.7  69.9  98.2   0.9  26.5  53.1  77.0 100.0  113   2rspb                     
  16.1  57.6  26.4  16.4  11.2  30.1   3.3  17.0  40.6  59.4 100.0   0.3  24.2  50.9  73.9  99.7   3.0  29.1  55.5  80.0  99.1  330   2er7e                     
  38.1  28.6  33.3  29.3  29.3  19.5   7.1  23.8  42.9  71.4  97.6  11.9  35.7  66.7  78.6  95.2   2.4   9.5  38.1  59.5 100.0  42   1htrp                      
  26.3  44.5  29.1  24.4  14.6  24.7   1.1  24.9  49.6  75.6 100.0   0.3  22.7  45.4  70.9  99.2   0.8  27.7  55.2  82.4  98.0  357   1mpp                      
  42.6  38.3  19.1  37.0  13.0  13.0   4.3  25.5  51.1  76.6 100.0   2.1  14.9  38.3  53.2  83.0  21.3  40.4  61.7  85.1  95.7  47   1hrnb                      
  28.7  43.1  28.2  20.2  19.2  28.8   1.0  20.1  56.0  81.8  99.0   0.5  25.4  46.4  67.0 100.0   4.3  24.9  49.8  76.1  99.5  209   1eng                      
  30.4  44.8  24.8  25.8  22.6  19.4   0.8  15.2  56.8  80.8 100.0   2.4  22.4  42.4  60.8  94.4   4.8  32.0  55.2  78.4  98.4  125   1bw4                      
  40.2  26.8  33.0  18.9  20.7  22.5   3.6  33.0  49.1  72.3  99.1   5.4  20.5  56.2  78.6  97.3   0.9  14.3  43.8  63.4 100.0  112   1dyna                     
  35.4  31.9  32.7  19.6  21.4  17.0   1.8  26.5  53.1  77.0  94.7   2.7  31.9  49.6  74.3 100.0   0.9  22.1  44.2  70.8  93.8  113   1pls                      
  36.9  32.4  30.7  22.9  23.4  20.0   0.6  21.6  46.0  71.6  99.4   4.0  29.0  52.3  75.0 100.0   2.3  23.9  50.0  71.0  98.9  176   1hbq                      
  32.4  40.5  27.2  28.5  18.0  20.3   0.6  22.0  54.9  72.3 100.0   1.7  24.9  44.5  71.1  97.7   1.2  24.3  53.8  75.7  99.4  173   1bbpa                     
  28.7  39.6  31.7  20.9  20.9  24.5   2.4  25.6  48.8  75.6  99.4   0.6  29.9  50.0  72.0 100.0   1.2  22.0  47.6  70.7  96.3  164   1epab                     
  40.1  29.3  30.6  22.4  23.1  18.6   0.6  21.0  46.5  77.7  99.4   1.9  22.9  51.6  70.7  98.1   6.4  26.8  44.6  74.5 100.0  157   1mup                      
  41.2  28.2  30.5  17.7  30.8  18.5   2.3  20.6  43.5  74.8 100.0   0.8  29.8  54.2  69.5  94.7   1.5  22.9  47.3  71.0  97.7  131   1ifc                      
  35.1  31.3  33.6  20.0  26.2  23.8   1.5  28.2  55.0  76.3  99.2   2.3  22.1  42.7  68.7 100.0   0.8  20.6  47.3  70.2  96.9  131   1lid                      
  31.3  43.5  25.2  27.7  16.9  21.5   3.8  21.4  45.0  74.0  99.2   0.8  29.0  45.8  73.3 100.0   2.3  18.3  52.7  71.0  94.7  131   1mdc                      
  38.0  29.2  32.8  22.8  29.4  17.6   1.5  27.7  52.6  71.5 100.0   0.7  27.0  43.8  76.6  97.8   2.2  19.0  47.4  72.3  98.5  137   1cbs                      
  34.4  36.0  29.6  28.2  25.0  21.8   1.6  19.2  44.0  69.6  99.2   2.4  24.0  53.6  72.0  94.4   0.8  22.4  50.4  76.8 100.0  125   2phy                      
  20.7  57.8  21.6  28.7   6.1  26.1   7.8  31.9  56.0  75.9  99.1   0.9  22.4  44.8  69.8  98.3   2.6  14.7  50.0  78.4 100.0  116   1srga                     
  30.9  39.8  29.3  21.3  22.1  23.8   0.8  32.5  54.5  74.8  99.2   2.4  22.8  37.4  60.2 100.0   1.6  28.5  61.8  78.0  98.4  123   1avda                     
  31.1  38.4  30.5  29.4  19.0  20.9   1.2  22.0  51.2  80.5 100.0   1.8  25.0  45.1  66.5  98.2   0.6  17.1  50.0  73.8  99.4  164   2cpl                      
  33.1  38.6  28.3  24.2  18.2  20.6   1.2  22.3  45.8  68.7  98.2   0.6  24.7  51.8  74.1 100.0   4.2  21.7  53.0  77.7  99.4  166   1clh                      
  32.0  40.4  27.6  25.0  16.8  22.1   0.8  25.2  50.7  73.5 100.0   0.3  19.7  50.1  75.9  99.7   0.5  27.0  49.3  69.6  99.0  381   2sil                      
  30.7  38.9  30.4  24.8  16.0  22.7   0.5  23.7  54.6  72.9  99.0   0.8  24.7  48.5  75.3  99.7   0.3  24.2  46.9  76.3 100.0  388   1ivd                      
  28.7  42.8  28.5  24.9  18.0  24.9   0.3  23.8  50.3  71.5  99.2   0.5  23.1  46.9  74.1  99.7   1.0  25.1  51.5  80.0 100.0  390   1nsca                     
  23.8  50.4  25.8  27.2   8.8  26.9   1.3  29.7  53.0  79.6 100.0   0.3  22.5  47.8  71.8  99.7   2.1  23.0  49.1  76.7  99.0  387   1gof2                     
  28.5  42.0  29.6  25.1  17.5  22.0   0.3  23.7  55.8  77.2  99.4   0.8  25.4  49.0  70.4 100.0   1.4  24.2  45.4  73.2  99.7  355   2bbkh                     
  28.4  42.9  28.7  22.6  19.6  23.7   0.2  23.3  48.5  68.5  98.2   0.4  25.6  49.2  76.2  99.8   0.7  25.9  53.2  75.5 100.0  571   3aaha                     
  26.3  38.4  35.3  19.7  20.6  27.4   2.2  17.4  48.7  74.6  97.8   0.4  25.0  47.3  69.6  99.6   2.7  25.4  50.0  77.7 100.0  224   2ohxa1                    
  27.0  45.4  27.6  21.0  16.9  24.1   1.5  17.3  52.6  77.0  96.4   0.5  27.0  46.9  69.9 100.0   2.0  23.5  51.5  74.0  99.5  196   1qora1                    
  29.4  38.0  32.5  22.2  21.0  25.9   0.6  27.6  58.3  81.0 100.0   1.2  18.4  45.4  63.2  93.9   4.9  30.7  47.9  75.5  99.4  163   1vmoa                     
  31.4  42.4  26.2  27.8  17.7  23.9   1.9  21.9  49.5  71.9 100.0   1.0  28.6  47.1  72.4  99.0   0.5  21.0  49.0  78.1  99.5  210   1dlc2                     
  29.3  45.9  24.8  27.1  17.5  22.9   0.8  25.4  47.3  68.7  99.7   0.3  22.3  51.0  75.5  99.4   0.6  28.2  52.1  74.1 100.0  355   1pcl                      
  37.8  30.6  31.7  22.9  21.8  15.1   0.6  19.4  48.3  72.2 100.0   2.2  29.4  54.4  77.8  99.4   3.3  25.0  42.8  71.1  98.9  180   1caua                     
  38.6  32.1  29.3  22.4  21.9  18.6   2.7  20.7  46.7  78.3 100.0   0.5  18.5  52.2  69.6  99.5   1.1  25.0  49.5  69.0  97.3  184   1caub                     
  32.8  33.6  33.6  26.5  20.6  22.1   2.9  32.1  56.2  75.2  97.1   2.2  17.5  35.0  65.7  98.5   0.7  28.5  51.1  77.4 100.0  137   3gapb1                    
  34.3  35.8  29.9  30.3  24.2  15.2   1.5  19.4  47.8  76.1 100.0  10.4  31.3  58.2  77.6  97.0   3.0  11.9  37.3  61.2  94.0  67   1wapb                      
  31.6  41.5  26.9  25.1  18.3  24.6   0.3  26.9  52.5  77.3 100.0   0.5  24.8  45.4  72.1  99.7   1.6  21.9  52.2  73.1  99.5  383   1cgt3                     
  28.3  43.3  28.3  22.2  15.3  23.9   1.4  26.3  51.0  76.5  97.7   0.3  21.5  47.3  75.1 100.0   1.7  29.2  51.6  73.1  98.9  353   6taa1                     
  31.1  37.1  31.8  20.7  23.2  21.2   0.2  21.9  51.2  74.9 100.0   0.5  26.1  45.3  70.9  96.0   3.2  24.6  52.2  78.4  99.8  402   1ppi1                     
  33.1  40.6  26.3  25.0  20.8  17.7   0.3  25.8  49.3  72.5  98.9   0.8  22.7  47.1  76.5  99.7   2.8  23.2  53.8  74.8 100.0  357   1amg1                     
  29.8  40.5  29.8  26.1  21.2  20.3   0.3  26.3  47.7  68.8  99.1   1.7  23.4  50.6  76.9  99.7   0.6  23.7  50.0  76.0 100.0  346   1amy1                     
  32.9  35.5  31.6  24.9  23.5  21.5   0.4  26.1  51.6  75.3 100.0   0.2  29.2  50.8  74.7  99.0   0.6  17.6  43.5  73.3  99.8  490   1byb                      
  26.5  47.1  26.5  19.7  15.7  24.9   3.3  24.2  49.3  81.0  99.7   0.7  28.8  52.3  75.8  98.7   0.3  17.6  43.5  68.6 100.0  306   1ghsa                     
  32.2  40.3  27.5  25.6  18.6  23.8   2.0  29.6  52.2  75.7  99.1   0.3  21.7  44.9  73.9 100.0   0.6  23.5  56.2  72.8  99.7  345   1xys                      
  34.6  34.9  30.4  25.3  20.5  21.2   0.7  26.6  52.6  71.6  98.6   0.3  18.0  46.0  74.7 100.0   1.4  27.0  50.9  79.6  99.3  289   1nar                      
  30.5  42.8  26.7  27.8  16.5  20.4   1.1  20.4  40.7  73.7  99.6   0.4  34.0  57.9  74.4  98.9   2.1  19.3  42.1  74.7 100.0  285   2ebn                      
  31.7  38.2  30.1  21.8  21.1  23.7   0.6  24.6  50.2  71.2  98.4   0.3  23.0  49.5  78.3 100.0   1.9  24.3  48.9  70.2  99.4  309   1ctn2                     
  34.4  35.0  30.7  22.4  22.1  24.4   1.4  28.1  52.4  81.4 100.0   0.3  22.9  52.7  73.1  99.7   1.1  21.8  43.6  71.3  98.6  349   1add                      
  25.5  44.7  29.9  22.1  17.4  29.2   0.8  29.4  56.4  78.4  99.0   0.3  21.3  43.4  73.2  99.2   0.5  24.2  49.4  76.4 100.0  385   2kauc2                    
  32.5  40.3  27.2  25.9  15.3  23.1   1.4  19.7  43.1  68.1  99.2   0.3  26.1  58.3  78.9 100.0   1.1  26.7  47.2  70.8  98.6  360   1fbaa                     
  32.4  34.0  33.7  19.4  23.2  24.2   1.0  22.2  50.8  74.3  99.7   0.3  26.0  50.5  73.3  99.0   1.3  23.8  48.3  74.9 100.0  315   1ads                      
  30.1  42.7  27.3  28.2  16.9  25.4   2.8  21.7  48.3  70.6  97.9   0.7  24.5  51.0  79.7 100.0   1.4  23.1  47.6  65.7  95.1  143   4enl1                     
  28.2  39.6  32.2  19.0  20.8  30.1   1.3  22.9  42.3  66.1  98.7   0.4  21.6  52.9  75.8  99.1   0.9  26.9  54.6  76.7 100.0  227   2mnr2                     
  29.9  38.9  31.1  16.0  21.8  32.5   1.2  19.3  41.0  63.1  99.2   0.4  25.8  57.8  76.2 100.0   0.8  26.6  51.2  75.8  99.6  244   1chra2                    
  33.8  38.6  27.6  27.6  16.8  20.9   1.0  25.6  47.4  75.9 100.0   0.3  22.6  51.4  73.4  99.0   0.5  23.8  49.6  74.2  99.2  399   1oyb                      
  27.7  39.1  33.1  18.1  20.1  27.8   0.6  19.4  47.1  74.6 100.0   1.1  26.0  46.3  72.6  99.1   0.3  23.7  53.1  77.4  99.7  350   1gox                      
  32.4  40.9  26.8  28.0  21.2  21.2   0.6  23.5  48.2  74.1 100.0   0.3  22.1  46.5  70.6  99.7   2.4  26.2  52.9  75.9  98.2  340   2tmda1                    
  32.1  36.1  31.7  21.1  17.9  25.1   0.8  21.8  50.4  73.4  99.6   1.2  23.8  48.0  78.6  98.4   0.4  27.0  49.6  74.6 100.0  252   1pii1                     
  27.0  40.7  32.3  16.6  19.0  25.9   0.8  16.9  46.0  67.7  99.2   1.6  28.2  56.0  78.2 100.0   0.4  24.6  46.4  71.0  98.8  248   1wsya                     
  26.9  44.2  28.8  26.2  20.4  25.2   1.9  21.2  49.0  74.0  99.0   2.9  27.9  53.8  77.9 100.0   1.0  18.3  44.2  61.5  96.2  104   1pkn1                     
  30.3  37.5  32.2  20.1  17.6  28.8   0.6  19.4  48.4  68.8  99.1   0.9  26.9  47.5  73.8  97.2   0.3  27.5  52.2  75.0 100.0  320   3rub2                     
  27.0  45.3  27.7  24.8  13.2  27.7   1.6  24.4  46.3  75.9  98.7   0.3  29.6  51.4  73.0  99.7   1.3  17.0  45.7  74.0 100.0  311   5rub2                     
  30.6  38.8  30.6  24.2  18.0  23.8   0.4  21.6  51.8  73.1  99.6   2.4  26.1  48.6  78.0 100.0   1.2  22.9  48.2  73.9  98.4  245   1tph1                     
  30.0  41.5  28.5  26.0  18.1  25.0   0.5  28.0  51.7  75.8 100.0   0.8  22.6  49.1  74.3  99.7   0.3  23.2  49.4  70.5  99.2  393   4xiaa                     
  36.0  32.0  32.0  24.2  22.9  19.8   1.3  26.8  55.7  82.9 100.0   0.9  21.9  39.0  67.5  98.7   0.4  20.6  46.9  76.3  99.6  228   1nfp                      
  29.5  41.0  29.5  27.7  18.1  23.2   0.6  21.2  53.8  73.1  99.4   2.6  25.0  47.4  78.2 100.0   1.3  27.6  50.6  69.2  97.4  156   2tmda2                    
  28.1  43.0  28.9  24.1  15.4  27.6   1.1  25.7  47.0  71.9  99.7   0.3  25.4  50.8  73.5  99.5   0.5  21.9  50.3  79.2 100.0  370   3cox1                     
  31.5  38.4  30.1  24.7  19.4  24.0   0.7  23.5  46.7  74.7 100.0   1.0  27.7  54.3  74.4  99.7   0.3  19.0  48.1  73.4  99.0  289   1pbe1                     
  27.0  46.3  26.7  26.8  14.3  24.6   0.9  25.5  46.6  70.8  98.4   0.3  23.9  48.4  73.9  99.7   0.6  23.0  56.8  78.3 100.0  322   1gal1                     
  27.4  46.3  26.3  24.3  19.0  17.5   2.1  30.0  47.9  70.0  98.9   0.5  18.9  54.2  77.4  99.5   4.2  25.8  46.8  73.2 100.0  190   1trb1                     
  28.8  42.5  28.8  24.7  16.7  25.1   0.8  30.8  53.8  76.7 100.0   0.4  19.2  47.5  71.2  99.6   2.5  23.8  49.6  73.3  96.7  240   2tpra1                    
  34.2  37.6  28.2  33.6  19.0  17.2   0.9  28.2  54.7  71.8  94.0   1.7  23.9  44.4  76.9 100.0   4.3  21.4  47.9  68.4  99.1  117   2tpra2                    
  26.2  43.7  30.1  22.4  16.7  25.4   0.9  26.6  51.5  74.2 100.0   0.4  24.0  49.3  74.7  98.7   1.7  23.6  47.6  72.9  99.6  229   3lada1                    
  31.9  32.8  35.3  16.1  24.6  24.6   4.2  30.3  57.1  78.2  95.0   0.8  19.3  38.7  70.6 100.0   3.4  23.5  45.4  68.9  99.2  119   3lada2                    
  27.4  45.2  27.4  25.4  16.2  21.6   1.6  28.0  47.3  69.4 100.0   0.5  21.5  48.4  76.9  98.9   2.7  23.7  53.8  73.7  97.8  186   1fcda1                    
  28.4  44.7  27.0  23.6  19.3  17.9   2.8  19.9  53.2  73.8  97.2   0.7  23.4  41.8  68.8 100.0   7.1  27.0  56.7  80.9  98.6  141   1fcda2                    
  34.4  31.2  34.4  15.0  27.6  18.9   1.6  19.5  35.9  71.1  97.7   0.8  38.3  60.9  78.9  99.2   3.9  18.8  46.1  66.4 100.0  128   3chy                      
  28.2  37.1  34.7  17.1  17.9  26.8   1.6  16.9  49.2  77.4 100.0   3.2  25.8  51.6  75.0  98.4   0.8  15.3  44.4  64.5  96.0  124   1ntr                      
  25.1  47.3  27.5  24.7  13.9  27.1   0.6  25.1  47.9  73.1 100.0   1.8  22.2  53.3  74.9  98.2   1.2  21.0  43.7  68.9  99.4  167   1scua2                    
  28.5  35.4  36.1  21.0  25.9  24.5   2.1  28.5  47.2  75.7 100.0   0.7  19.4  43.8  78.5  99.3   2.8  22.2  50.0  68.8  97.9  144   1scub2                    
  32.9  37.6  29.5  28.5  18.6  23.8   0.6  26.0  54.3  75.1  98.3   1.7  17.9  39.3  69.4  99.4   1.2  24.9  50.3  82.1 100.0  173   2fcr                      
  31.3  40.1  28.6  26.7  18.5  21.9   1.4  24.5  53.7  76.9  98.0   0.7  15.0  39.5  67.3  99.3   2.7  33.3  49.7  72.8 100.0  147   2fx2                      
  36.2  28.3  35.5  19.7  27.0  18.2   1.4  26.8  51.4  75.4  99.3   3.6  15.9  49.3  65.9  98.6   0.7  25.4  44.2  71.7 100.0  138   4fxn                      
  32.7  35.9  31.4  23.2  19.4  21.9   0.6  21.2  48.7  78.2 100.0   1.9  33.3  60.3  74.4  99.4   5.8  20.5  40.4  59.0  97.4  156   1bmta2                    
  26.5  47.4  26.0  24.6  13.8  19.0   0.5  25.0  48.5  72.4  99.5   1.0  23.5  49.0  73.5 100.0   3.6  24.0  50.0  78.6  99.0  196   1cus                      
  28.1  45.8  26.1  25.2  15.8  19.8   1.0  23.6  44.8  69.5 100.0   0.5  23.2  51.7  77.3  99.5   1.5  24.6  45.8  67.5  91.1  203   2nada2                    
  33.3  37.2  29.5  23.4  21.1  22.7   0.8  23.3  45.0  69.0  95.3   5.4  21.7  58.1  78.3 100.0   3.1  25.6  46.5  64.3  99.2  129   1gdha1                    
  35.6  30.0  34.4  19.5  23.3  21.4   3.1  38.1  53.8  77.5  98.8   2.5  15.6  43.1  71.2 100.0   0.6  18.8  45.6  73.8  99.4  160   1fnc2                     
  33.6  33.6  32.9  22.1  17.9  24.1   4.1  26.0  43.8  62.3  96.6   0.7  19.2  48.6  75.3  97.3   2.1  23.3  52.7  79.5 100.0  146   2cnd2                     
  28.3  40.8  30.8  24.4  17.6  29.4   0.8  25.8  49.2  65.8 100.0   2.5  26.7  52.5  76.7  98.3   1.7  19.2  44.2  70.0  99.2  120   2pia2                     
  33.0  35.8  31.2  24.8  22.9  25.2   0.9  19.5  48.4  72.1  98.6   2.3  28.4  45.6  74.9 100.0   0.5  21.4  50.7  75.3  99.5  215   2ts11                     
  35.6  34.1  30.2  20.6  23.9  22.7   0.6  23.3  48.3  77.0 100.0   0.3  24.8  46.8  70.4  97.3   0.9  25.1  53.5  73.7  99.1  331   1gtra1                    
  24.7  40.7  34.7  19.5  17.4  31.5   6.7  34.7  48.0  65.3 100.0   1.3  17.3  42.0  74.0  99.3   0.7  22.7  54.7  76.7  98.0  150   2ohxa2                    
  30.8  38.5  30.8  19.4  19.4  25.6   1.5  32.3  50.0  68.5  98.5   0.8  21.5  39.2  80.0 100.0   2.3  22.3  50.8  76.2  96.9  130   1qora2                    
  25.3  46.2  28.5  19.8  17.5  25.4   0.4  21.3  39.9  69.2 100.0   1.6  24.1  55.7  77.9  99.6   1.2  27.7  46.6  69.6  99.2  253   1hdca                     
  25.8  43.2  30.9  22.6  14.5  26.0   0.4  19.9  39.8  75.4  97.5   0.8  31.4  55.5  73.7  99.6   2.1  22.0  44.5  73.3 100.0  236   1dhr                      
  29.6  40.8  29.6  24.9  17.5  25.5   0.6  27.2  52.1  79.0 100.0   1.8  27.5  52.4  75.4  99.7   0.3  19.2  45.9  70.7  97.0  338   1udpa                     
  35.1  32.7  32.1  25.1  22.8  21.0   1.2  21.4  46.4  73.2  99.4   0.6  24.4  47.6  72.6  95.8   1.8  23.8  51.8  76.8 100.0  168   1hdgo1                    
  26.6  41.5  31.9  20.9  17.6  28.9   2.7  32.4  51.1  72.9  95.7   1.1  25.5  52.1  81.4 100.0   0.5  18.6  43.6  66.5  98.9  188   2nada1                    
  27.2  43.5  29.3  27.4  15.8  24.7   3.7  24.1  45.0  73.3  94.8   1.0  27.7  49.2  73.8 100.0   0.5  20.9  52.4  75.4  98.4  191   1gdha2                    
  24.5  41.5  34.0  17.1  18.5  31.5   1.4  38.1  59.2  75.5  96.6   2.7  21.1  40.8  72.1 100.0   0.7  21.8  50.3  74.1  99.3  147   2cmd1                     
  31.0  36.1  32.9  23.4  20.8  22.1   1.3  31.0  59.4  76.1  97.4   1.9  17.4  49.7  75.5  99.4   0.6  23.2  40.0  69.7 100.0  155   1bmda1                    
  27.3  40.6  32.2  19.0  19.0  24.6   2.1  25.9  47.6  69.2  96.5   0.7  14.7  44.8  76.2 100.0   2.8  23.8  51.7  74.1  97.9  143   1llda1                    
  31.8  33.5  34.7  22.3  19.4  20.6   1.1  25.6  48.3  66.5 100.0   0.6  27.3  58.5  79.0  98.9   2.8  17.6  42.0  68.2  98.3  176   2pgd1                     
  20.7  45.5  33.9  15.0  16.7  30.0   4.1  15.7  47.1  74.4  96.7   0.8  24.8  42.1  62.0 100.0   1.7  28.1  57.9  76.9  98.3  121   1scua1                    
  30.8  39.1  30.2  29.8  17.3  25.6   0.6  18.3  43.8  71.6  97.6   1.2  29.6  50.3  77.5 100.0   2.4  21.3  49.1  72.8  99.4  169   1pyda3                    
  32.2  41.5  26.2  30.8  14.8  23.6   2.7  25.7  52.5  74.9 100.0   0.5  20.8  42.6  71.6  98.4   6.0  27.9  54.1  76.5  98.9  183   1poxa3                    
  23.8  42.4  33.7  19.3  21.6  31.6   1.2  16.9  33.7  72.7  98.8   0.6  32.6  51.7  73.3  98.3   1.7  19.2  48.8  75.0 100.0  172   1pyda1                    
  30.6  37.2  32.1  19.0  20.0  22.1   3.1  25.0  57.1  81.6  99.0   0.5  23.0  43.4  69.9 100.0   2.6  25.5  48.0  70.9  99.5  196   1pyda2                    
  25.9  43.1  31.0  17.3  19.7  29.5   1.1  27.0  52.9  74.1  99.4   0.6  21.8  44.8  72.4  98.3   1.7  19.0  49.4  74.7 100.0  174   1poxa1                    
  35.1  33.5  31.4  22.5  24.6  24.6   0.5  20.2  58.0  73.9 100.0   2.1  23.4  42.6  73.4  99.5   3.2  28.2  53.2  74.5  98.4  188   1poxa2                    
  29.3  42.7  28.1  21.3  17.7  27.8   0.3  27.5  59.1  81.8 100.0   0.9  23.9  46.6  73.4  99.7   0.6  21.2  45.7  71.9  99.1  335   1trka1                    
  25.4  49.2  25.4  23.5  16.3  23.5   2.0  17.8  41.1  80.2  99.5   1.0  26.4  49.7  71.6  99.0   0.5  23.4  53.8  74.6 100.0  197   1trka2                    
  34.4  38.2  27.4  25.4  21.6  16.2   1.1  31.7  58.1  78.5 100.0   0.5  17.2  42.5  72.0  98.9   2.2  28.0  51.1  67.2  98.4  186   1gky                      
  38.3  29.1  32.7  24.1  25.1  16.4   3.1  32.1  55.6  77.0  99.0   0.5  16.3  35.2  69.9  99.5   1.5  29.1  51.5  74.0 100.0  196   1ukz                      
  33.6  36.4  30.0  27.9  21.9  19.2   2.3  30.5  55.0  75.5 100.0   0.5  16.4  47.3  75.9  99.5   2.7  24.5  45.9  67.7  97.7  220   2ak3b                     
  36.7  33.7  29.5  27.3  18.8  18.2   1.8  28.3  54.8  74.1  99.4   1.2  21.1  46.4  80.7 100.0   0.6  17.5  47.0  67.5  98.2  166   5p21                      
  33.3  29.7  36.9  19.6  24.2  19.1   1.0  25.1  51.3  76.9 100.0   0.5  18.5  49.7  72.3  96.9   2.1  24.6  47.2  69.7  99.0  195   1tadc2                    
  33.0  36.8  30.2  24.2  22.3  18.5   0.9  25.9  55.7  78.3  98.1   0.5  17.0  39.2  58.0 100.0   2.4  32.1  60.4  74.5  99.1  212   1eft1                     
  33.7  33.7  32.6  21.0  25.7  19.1   1.6  27.5  50.8  74.0  98.4   0.8  17.8  45.7  71.7 100.0   0.4  26.4  50.0  77.1  99.2  258   1efg1                     
  23.3  46.6  30.1  23.9  11.5  28.4   0.5  21.5  41.1  67.1  98.2   1.4  19.2  44.7  75.3  99.1   1.8  37.9  60.3  75.8 100.0  219   1dts                      
  32.9  33.6  33.6  22.0  19.9  22.0   1.1  26.1  57.2  78.8  98.6   0.4  18.7  39.9  63.6 100.0   0.7  26.5  51.9  76.3  99.6  283   1nipa                     
  32.1  36.9  31.0  21.0  23.6  23.6   0.4  24.6  51.1  77.2  97.4   2.6  23.5  44.8  70.5 100.0   3.0  27.2  51.9  74.6  98.9  268   2reb1                     
  32.4  31.5  36.2  20.8  25.9  28.3   0.9  21.1  44.6  72.8 100.0   1.4  22.5  48.8  73.7  98.6   0.5  25.8  50.7  74.6  99.5  213   3cla                      
  26.3  39.5  34.2  23.1  19.8  30.6   3.3  23.0  48.1  73.7  98.4   0.8  25.9  53.9  74.1  98.8   0.4  23.5  49.0  76.1 100.0  243   1eaf                      
  38.9  28.0  33.1  25.6  25.0  14.7   1.3  30.6  58.6  76.4 100.0   0.6  27.4  42.7  74.5  96.2   2.5  18.5  49.0  73.2  99.4  157   1pnt                      
  35.3  32.0  32.7  18.4  23.1  20.6   0.4  18.7  42.8  65.5  98.9   3.2  26.3  53.6  73.4  98.6   1.1  32.7  55.4  80.2 100.0  278   2hnq                      
  33.9  38.2  27.9  28.0  19.4  25.1   1.4  20.4  48.9  78.9  99.6   0.4  23.6  45.4  67.9 100.0   3.2  29.6  52.9  80.4  99.3  280   1yptb                     
  31.5  35.2  33.3  25.2  23.4  21.5   1.9  18.5  48.1  75.9  98.1   0.9  26.9  59.3  71.3 100.0   3.7  23.1  38.9  73.1  99.1  108   2trxa                     
  35.2  32.4  32.4  21.2  26.9  13.5   2.9  20.0  57.1  78.1  98.1   6.7  26.7  43.8  70.5  95.2   1.0  22.9  42.9  67.6 100.0  105   1mdka                     
  32.8  37.5  29.7  27.0  20.6  30.2   4.7  32.8  53.1  71.9  98.4   1.6  20.3  48.4  79.7 100.0   6.2  21.9  40.6  68.8  96.9  64   1dsba2                     
  40.0  31.8  28.2  26.2  21.4  20.2   2.4  30.6  48.2  67.1  98.8   3.5  15.3  49.4  80.0 100.0   1.2  16.5  44.7  74.1  97.6  85   1ego                       
  35.6  31.0  33.3  20.9  24.4  25.6   3.4  24.1  46.0  66.7 100.0   5.7  17.2  56.3  80.5  97.7   1.1  26.4  42.5  70.1  98.9  87   1aba                       
  31.7  33.9  34.4  18.1  23.1  23.1   0.5  26.8  47.0  73.2  97.8   1.1  18.6  48.1  69.9 100.0   1.6  26.2  52.5  77.0  99.5  183   1gp1a                     
  33.3  38.1  28.6  27.7  20.5  20.5   9.5  34.5  52.4  76.2  97.6   1.2  26.2  44.0  77.4 100.0   2.4  14.3  53.6  70.2  94.0  84   2gsta1                     
  29.9  36.4  33.8  22.4  19.7  32.9  14.3  29.9  40.3  70.1  93.5   1.3  11.7  50.6  79.2 100.0   6.5  24.7  49.4  68.8  98.7  77   1gsra1                     
  26.7  38.7  34.7  25.7  20.3  28.4   2.7  34.7  49.3  74.7  97.3   1.3  16.0  48.0  68.0 100.0   6.7  22.7  46.7  70.7  98.7  75   1gsq1                      
  34.9  33.0  32.2  28.8  22.3  17.7   0.8  22.2  45.6  73.6 100.0   0.4  22.6  48.3  72.8  99.6   1.5  27.6  54.0  77.4  98.9  261   1eria                     
  37.3  36.1  26.6  25.5  18.5  18.5   1.2  27.0  48.8  82.0 100.0   0.4  24.6  50.0  74.2  99.2   0.8  18.9  49.2  69.3  98.0  244   1rvaa                     
  37.5  30.5  32.0  22.1  24.6  21.1   1.0  24.0  45.5  75.0 100.0   4.5  23.0  52.5  75.5  94.5   0.5  27.0  49.5  71.5  98.5  200   1bam                      
  33.8  34.4  31.8  22.2  24.8  22.2   2.6  21.4  46.8  79.2  98.7   0.6  29.9  51.3  71.4 100.0   3.2  24.7  46.1  67.5  99.4  154   1pvua                     
  32.1  40.0  27.9  25.9  17.5  22.8   0.5  28.4  49.5  71.1 100.0   1.1  20.5  52.1  76.8  99.5   2.6  25.3  47.4  70.0  98.4  190   3hsc                      
  30.1  40.4  29.5  24.8  13.1  26.9   0.7  25.3  46.6  68.5  93.8   3.4  21.9  47.3  74.0 100.0   5.5  24.0  52.1  81.5  97.3  146   1atna1                    
  28.8  40.7  30.5  16.0  19.6  24.0   0.4  27.0  47.3  73.0 100.0   0.9  23.0  52.2  76.5  99.6   2.2  23.9  49.1  73.9  99.1  226   1atna2                    
  32.9  35.0  32.1  26.4  19.8  20.7   0.4  26.7  48.6  74.9 100.0   0.8  22.2  47.7  73.3  99.6   1.2  24.7  52.7  77.0  99.2  243   1glcg1                    
  30.5  39.4  30.1  22.4  20.0  23.7   1.6  27.6  56.9  83.3  99.6   2.4  22.8  44.3  70.7 100.0   0.4  22.0  48.0  70.3  98.8  246   1glcg2                    
  36.1  37.4  26.5  25.3  21.4  21.4   0.6  18.7  54.8  76.8 100.0   1.9  23.2  42.6  69.7  96.8   1.3  28.4  48.4  73.5  99.4  155   1chma1                    
  35.5  36.8  27.7  23.4  24.7  15.6   1.9  29.0  56.1  75.5  99.4   5.8  19.4  43.9  73.5  97.4   0.6  22.6  43.2  69.0 100.0  155   2rn2                      
  37.6  34.4  28.0  26.6  18.5  22.6   1.6  22.4  48.8  74.4  95.2   0.8  19.2  40.8  65.6  99.2   2.4  32.0  55.2  79.2 100.0  125   1hrha                     
  34.7  34.7  30.6  25.5  21.9  28.1   1.6  26.4  50.3  77.7 100.0   0.5  23.3  46.1  71.0  97.9   3.1  22.8  47.7  72.5  99.0  193   1dpi1                     
  28.5  39.2  32.3  23.6  19.1  29.3   4.4  27.2  50.0  74.1 100.0   0.6  19.6  51.3  75.3  98.7   1.3  20.9  43.7  70.3  99.4  158   1hjra                     
  31.3  36.8  31.9  21.7  19.6  29.0   0.3  21.3  45.9  70.2  99.1   2.0  24.3  52.6  76.9 100.0   0.9  26.9  50.0  73.7  99.7  342   1rpa                      
  28.1  41.1  30.7  22.6  17.0  27.0   2.2  25.5  45.9  74.5 100.0   1.3  23.4  51.5  71.4  99.6   0.4  23.8  47.6  75.3  99.1  231   1gph1                     
  31.8  33.2  35.0  23.0  21.1  18.3   3.7  23.8  49.1  75.7  99.5   0.5  25.2  50.0  77.1 100.0   1.9  23.4  45.8  72.0  95.3  214   1hmpa                     
  29.8  38.0  32.2  16.4  20.3  24.2   1.0  19.7  53.8  78.4  98.6   1.4  26.9  48.6  68.8  99.5   0.5  23.1  51.0  71.6 100.0  208   1sto                      
  31.8  38.1  30.1  22.8  17.7  24.8   0.8  23.2  49.2  77.8  98.5   1.5  24.7  46.7  71.0  99.5   0.3  27.5  52.3  79.3 100.0  396   1ars                      
  32.2  35.7  32.2  20.9  21.9  24.7   0.5  23.5  48.1  72.5  99.5   0.7  23.7  48.6  75.8  99.8   0.2  27.5  52.3  76.3 100.0  426   1tpla                     
  26.0  41.8  32.3  20.9  16.7  27.9   0.5  25.8  53.4  79.1  99.5   1.2  25.1  42.9  67.5  99.8   0.2  24.1  55.0  78.9 100.0  431   2dkb                      
  29.5  36.4  34.1  20.1  19.7  24.7   0.4  30.3  52.5  75.0  99.6   0.2  22.0  42.2  70.5 100.0   0.6  26.7  52.7  76.1  99.4  528   1ack                      
  30.3  37.4  32.3  23.3  18.4  25.9   1.0  24.5  49.7  75.8 100.0   1.3  22.9  52.3  70.3  99.7   0.3  26.8  47.1  75.5  98.7  310   1ede                      
  30.6  35.4  34.0  17.7  23.5  29.0   0.3  24.5  54.4  79.6  99.3   1.4  23.5  45.2  73.8 100.0   0.7  25.5  48.6  73.1  99.7  294   1thta                     
  21.1  50.5  28.4  21.8  11.7  27.2   1.9  26.8  55.2  77.9  97.5   0.6  21.8  50.2  75.7 100.0   0.3  23.0  45.4  69.7  99.4  317   1tca                      
  24.2  44.9  30.9  20.5  14.4  28.8   1.1  24.2  47.2  72.8  98.1   0.4  23.8  50.9  76.2 100.0   0.8  26.8  50.6  75.8  99.6  265   3tgl                      
  28.6  42.0  29.4  20.5  19.4  24.3   0.4  21.2  43.9  68.0  94.4   1.1  23.8  55.0  75.8  99.3   0.7  25.7  47.6  75.5 100.0  269   1tib                      
  25.1  44.9  30.0  22.9  13.9  26.1   1.5  25.7  51.1  71.9  98.9   0.2  24.5  50.4  74.9  99.4   1.1  24.9  48.5  76.6 100.0  534   1crl                      
  22.3  50.3  27.4  20.2  14.2  25.2   0.3  19.5  49.1  81.8  99.4   0.6  26.7  50.9  70.4  99.7   3.1  25.2  46.5  79.2 100.0  318   1taha                     
  28.8  41.2  30.0  23.5  19.6  22.0   0.3  20.5  43.3  72.7  99.4   1.5  32.6  51.6  79.5 100.0   0.9  25.5  45.7  70.6  99.7  337   1lpbb1                    
  26.2  45.7  28.1  22.7  16.5  20.8   2.0  27.3  50.0  73.8  99.6   0.4  23.4  46.9  72.3  98.4   2.7  25.0  53.1  77.0 100.0  256   1whta                     
  22.9  48.4  28.8  23.7   9.9  33.6   2.0  13.1  43.1  75.2 100.0   0.7  22.2  49.7  70.6  99.3   3.3  34.6  51.0  77.8  98.0  153   1whtb                     
  26.4  45.0  28.7  24.5  16.3  22.2   0.7  23.5  46.9  71.0 100.0   0.3  25.4  52.1  76.5  99.0   2.3  23.8  45.3  74.9  99.3  307   2ctc                      
  26.5  49.1  24.4  24.8  13.1  25.2   2.1  29.6  52.2  69.8  97.9   0.7  22.0  49.5  78.4 100.0   0.3  22.3  45.4  70.4  98.3  291   1amp                      
  36.0  31.2  32.8  22.2  22.7  22.2   2.7  25.8  51.1  80.6 100.0   1.1  21.5  46.8  68.8  97.8   0.5  23.1  47.8  72.0  97.3  186   1drf                      
  31.4  35.8  32.7  25.3  17.1  27.8   6.9  27.7  54.7  79.9 100.0   1.9  28.3  50.9  73.6  95.0   0.6  17.6  45.3  65.4  98.1  159   4dfra                     
  31.5  38.3  30.2  26.1  13.7  24.8   4.3  26.5  48.1  77.2  99.4   0.6  22.2  49.4  74.1 100.0   1.9  23.5  48.8  70.4  97.5  162   3dfr                      
  32.4  35.7  31.9  23.7  23.7  21.1   0.5  23.7  48.6  70.0  99.8   0.2  24.6  51.0  77.5  98.8   0.7  25.4  50.2  74.2 100.0  414   7icd                      
  27.2  41.7  31.0  24.7  17.7  27.9   0.6  24.6  45.2  61.4  99.1   1.2  23.5  55.7  79.7 100.0   0.3  24.3  52.2  72.5  99.7  345   1hex                      
  28.7  42.7  28.7  31.5  15.4  23.5   1.3  19.3  43.3  75.3  99.3   0.7  30.7  52.7  74.7 100.0   2.7  20.0  44.0  68.7  96.7  150   8atca1                    
  31.9  33.8  34.4  23.3  22.6  27.0   0.6  25.0  51.9  74.4  98.1   3.8  21.9  47.5  72.5  94.4   1.2  23.1  46.2  75.0 100.0  160   8atca2                    
  34.9  33.9  31.2  24.5  24.1  21.1   0.7  22.7  52.5  77.3 100.0   1.0  24.4  47.1  68.8  98.6   0.3  27.5  50.2  76.9  99.3  295   2at2a                     
  32.5  35.8  31.7  21.7  21.5  26.2   0.2  24.6  51.0  75.8  99.8   1.3  21.8  47.8  74.5 100.0   0.9  25.9  49.9  74.7  99.6  467   1mina                     
  32.4  35.2  32.4  21.9  20.2  25.1   0.4  20.7  46.9  73.6 100.0   0.2  25.5  50.2  75.7  99.2   0.8  28.4  51.7  74.1  99.8  522   1minb                     
  37.8  27.7  34.5  24.2  28.4  19.3   0.6  29.9  54.3  80.5  99.7   1.2  24.7  48.2  69.2  99.1   0.3  19.8  44.5  73.8 100.0  328   1bgu                      
  35.5  32.0  32.5  19.2  25.8  21.6   0.4  26.8  51.0  76.3  99.9   0.1  22.1  48.3  75.2  99.5   0.2  26.6  49.8  73.4 100.0  822   1gpb                      
  35.1  36.2  28.8  27.4  20.7  19.3   0.4  21.8  51.3  76.0 100.0   1.1  27.3  49.8  73.8  96.7   1.5  22.1  47.6  73.1  99.3  271   2dri                      
  32.8  37.4  29.8  27.0  19.7  22.4   0.3  25.6  46.9  73.4 100.0   1.6  25.2  52.8  75.1  99.7   0.7  20.7  45.6  74.1  99.0  305   8abp                      
  37.5  35.6  26.9  28.6  18.5  19.8   0.6  21.4  46.0  72.2 100.0   0.3  27.8  51.5  75.7  99.4   1.6  21.7  47.2  75.1  99.0  309   1gca                      
  32.8  41.3  25.9  28.6  16.3  21.0   0.3  24.1  48.3  73.8 100.0   1.7  24.7  50.6  74.7  99.7   0.9  22.7  49.7  71.5  97.1  344   2liv                      
  31.2  34.6  34.1  20.8  21.3  27.5   0.5  26.9  48.6  71.6  97.6   3.4  23.6  52.9  77.4  99.5   1.4  21.6  41.8  75.0 100.0  208   1pda1                     
  35.9  37.5  26.5  26.6  17.5  20.1   0.3  24.3  50.5  75.7 100.0   2.9  23.0  46.3  76.1  99.7   1.0  26.5  52.4  72.2  99.4  309   1sbp                      
  35.2  36.8  28.0  22.7  22.7  20.7   0.4  26.5  51.3  74.5  99.8   0.2  22.2  47.2  77.2 100.0   0.6  26.3  48.7  73.7  99.6  517   1olba                     
  33.5  38.9  27.6  27.1  17.9  23.8   0.3  23.2  48.6  77.6 100.0   1.4  26.8  51.4  73.0  99.7   0.5  24.1  48.1  70.8  99.5  370   1omp                      
  36.6  36.6  26.9  23.6  21.1  23.6   1.7  25.2  51.3  78.2  98.3   0.4  25.6  50.8  73.5 100.0   0.8  21.8  44.5  71.4  98.7  238   1hsla                     
  31.8  42.4  25.9  24.1  16.9  23.8   0.3  29.9  54.5  76.9  99.1   0.6  20.2  50.8  72.0 100.0   1.2  24.9  44.9  72.6  99.7  321   1pbp                      
  32.0  39.6  28.4  22.3  19.0  23.2   1.2  21.6  52.7  73.8 100.0   0.3  25.6  46.6  70.4  99.4   0.6  23.5  49.4  79.0  99.7  328   1nnt                      
  36.2  34.8  29.0  24.2  17.5  24.2   1.3  24.1  58.5  73.2 100.0   2.7  31.2  46.0  75.0  99.1   0.4  19.6  42.0  65.2  98.7  224   1pxtb1                    
  25.0  37.9  37.1  11.4  23.6  32.5   1.6  28.2  45.2  73.4 100.0   3.2  21.8  50.0  71.0  96.0   0.8  19.4  48.4  76.6  98.4  124   1pxtb2                    
  25.0  53.8  21.2  21.4  13.6  19.4   2.9  26.9  44.2  77.9  98.1   1.0  21.2  45.2  68.3 100.0   1.9  25.0  58.7  76.9  99.0  104   9rnt                      
  25.0  51.0  24.0  26.3   6.3  20.0   1.0  33.3  49.0  77.1  97.9   3.1  25.0  52.1  69.8  99.0   2.1  11.5  37.5  72.9 100.0  96   1gmpa                      
  32.7  43.9  23.4  38.7  15.1  21.7   1.9  22.4  52.3  74.8 100.0   2.8  23.4  45.8  72.0  97.2   0.9  20.6  44.9  73.8  99.1  107   1bsaa                     
  35.7  42.9  21.4  38.2  14.5  16.4   7.1  26.8  55.4  71.4 100.0   3.6  28.6  44.6  78.6  98.2   1.8  10.7  37.5  69.6  96.4  56   1pga                       
  39.7  43.6  16.7  33.8  16.9  11.7   1.3  14.1  41.0  71.8  96.2   7.7  28.2  55.1  67.9 100.0  23.1  30.8  46.2  80.8  97.4  78   2ptl                       
  39.5  30.3  30.3  25.3  25.3  18.7   2.6  31.6  51.3  68.4  97.4   9.2  18.4  48.7  75.0 100.0   1.3  10.5  39.5  73.7  96.1  76   1ubi                       
  32.0  39.2  28.9  27.1  17.7  17.7   6.2  21.6  45.4  77.3 100.0   1.0  16.5  47.4  61.9  94.8   2.1  35.1  55.7  84.5  99.0  97   2pia3                      
  34.7  34.7  30.6  19.6  21.6  21.6   4.1  15.3  36.7  68.4  95.9   1.0  29.6  48.0  82.7 100.0   5.1  26.5  51.0  72.4  99.0  98   1frd                       
  29.2  35.8  34.9  21.0  21.0  27.6   1.9  17.9  55.7  76.4  99.1   0.9  20.8  40.6  58.5  96.2   2.8  26.4  52.8  80.2 100.0  106   1put                      
  36.6  36.6  26.7  24.0  31.0  22.0   5.9  27.7  54.5  79.2 100.0   2.0  21.8  50.5  68.3  97.0   1.0  12.9  37.6  64.4  99.0  101   1tssa2                    
  33.1  43.5  23.4  30.1  16.3  22.0   0.8  22.6  42.7  66.9  97.6   2.4  17.7  56.5  75.0  99.2   6.5  32.3  46.8  76.6 100.0  124   7rsa                      
  32.7  32.7  33.7  21.4  20.4  27.2   1.9  17.3  40.4  70.2  89.4   4.8  33.7  56.7  74.0  99.0   2.9  22.1  49.0  76.0 100.0  104   1onc                      
  36.6  38.2  25.2  25.4  16.4  23.0   0.8  18.7  41.5  59.3  99.2   3.3  20.3  52.0  73.2 100.0   7.3  31.7  57.7  83.7  97.6  123   1ang                      
  31.5  42.3  26.2  25.6  16.3  27.1   1.5  24.6  56.2  74.6  94.6   0.8  20.8  41.5  70.0 100.0   4.6  23.1  45.4  72.3  99.2  130   3cox2                     
  28.4  39.2  32.4  22.8  18.8  27.7   2.0  32.4  55.9  69.6  99.0   7.8  23.5  43.1  74.5 100.0   1.0  14.7  49.0  72.5  98.0  102   1pbe2                     
  20.0  43.1  36.9  14.1  17.2  35.9  13.8  24.6  38.5  58.5  93.8   3.1  27.7  53.8  73.8  98.5   1.5  21.5  46.2  72.3 100.0  65   1gal2                      
  28.6  41.3  30.2  29.0  17.7  30.6   1.6  19.0  41.3  68.3  90.5   3.2  27.0  49.2  77.8 100.0   4.8  17.5  47.6  74.6  98.4  63   1csei                      
  29.4  36.8  33.8  16.4  19.4  25.4   8.8  39.7  55.9  73.5  97.1   1.5  11.8  26.5  58.8 100.0   4.4  22.1  51.5  77.9  98.5  68   1tin                       
  38.6  38.6  22.7  34.9  23.3  14.0   2.3  15.9  45.5  63.6  86.4  11.4  25.0  47.7  70.5 100.0   6.8  22.7  43.2  77.3  93.2  44   3mona                      
  33.7  39.8  26.5  29.9  15.5  23.7  10.2  28.6  46.9  77.6  95.9   3.1  12.2  42.9  75.5  99.0   1.0  35.7  55.1  68.4 100.0  98   1stfi                      
  34.3  35.2  30.6  22.4  23.4  23.4   6.5  21.3  40.7  68.5 100.0   0.9  22.2  48.1  70.4  97.2   3.7  34.3  51.9  82.4  99.1  108   1cewi                     
  39.7  25.0  35.3  23.9  32.8   7.5   2.9  27.9  60.3  80.9  98.5  11.8  17.6  39.7  48.5 100.0   1.5  25.0  51.5  69.1  91.2  68   3il8                       
  29.0  42.0  29.0  27.9  14.7  17.6   8.7  33.3  65.2  81.2 100.0   1.4  13.0  40.6  56.5  92.8   4.3  29.0  50.7  73.9  98.6  69   1huma                      
  32.9  33.5  33.5  26.7  19.8  24.4   0.6  23.1  47.4  70.5 100.0   2.9  24.3  46.2  68.2  97.1   1.7  22.5  50.3  75.7  98.3  173   2glt2                     
  33.6  36.1  30.3  26.3  20.2  19.8   0.8  27.9  54.1  81.6 100.0   1.6  16.8  41.8  64.3  99.6   0.4  29.5  54.5  75.4  95.1  244   1scub1                    
  35.8  39.5  24.7  26.2  23.8  21.2   2.5  17.3  51.9  66.7  93.8   1.2  29.6  48.1  80.2 100.0   3.7  18.5  46.9  69.1  95.1  81   1pyaa                      
  30.7  41.7  27.6  26.4  14.1  26.0   2.2  21.9  47.4  65.4  99.6   0.9  26.8  48.2  74.1 100.0   0.4  21.5  52.2  77.6  99.1  228   1pyab                     
  40.0  30.0  30.0  31.4  27.7  17.6   1.2  24.4  51.9  74.4  98.8   1.9  28.8  47.5  79.4  99.4   0.6  21.9  48.8  63.8 100.0  160   1dlha1                    
  36.6  39.3  24.0  34.1  20.3  17.0   3.3  26.2  43.2  74.9 100.0   0.5  21.9  49.7  73.2  99.5   2.7  19.7  53.6  77.0  98.4  183   1vaaa1                    
  37.7  29.9  32.5  19.7  25.0  21.1   2.6  14.3  37.7  71.4  90.9   3.9  32.5  57.1  72.7 100.0   1.3  19.5  42.9  68.8  96.1  77   1pkp1                      
  34.5  37.9  27.6  29.1  20.9  17.4   1.1  20.7  58.6  74.7  98.9   2.3  19.5  41.4  67.8  97.7   8.0  28.7  46.0  79.3 100.0  87   1pda2                      
  22.1  45.6  32.4  20.9  19.4  23.9   5.9  25.0  61.8  85.3 100.0   2.9  17.6  41.2  66.2  92.6   1.5  20.6  51.5  70.6  98.5  68   1pkp2                      
  30.1  40.7  29.3  26.2  23.0  26.2   1.6  18.7  41.5  71.5  99.2   0.8  23.6  50.4  76.4 100.0   4.1  30.9  51.2  70.7  95.9  123   1efg3                     
  30.8  40.2  29.0  21.7  18.9  20.8   2.8  29.0  40.2  57.0 100.0   0.9  19.6  57.9  77.6  89.7   1.9  22.4  51.4  84.1  99.1  107   1fkf                      
  37.8  35.6  26.7  36.4  20.5  20.5   2.2  15.6  35.6  64.4  95.6   6.7  22.2  51.1  86.7 100.0  13.3  31.1  48.9  73.3  91.1  45   1ctn3                      
  38.9  25.0  36.1  21.1  23.9  16.9   4.2  30.6  48.6  76.4  98.6   2.8  15.3  36.1  62.5 100.0   1.4  20.8  56.9  83.3  97.2  72   1grj2                      
  24.0  44.0  32.0  21.8  12.9  32.3   2.4  23.2  50.4  76.0 100.0   0.8  22.4  48.8  77.6  98.4   3.2  24.8  46.4  68.8  95.2  125   2tpra3                    
  19.4  49.2  31.5  20.3  10.6  35.0   1.6  20.2  44.4  64.5  89.5   0.8  24.2  50.0  77.4 100.0   2.4  25.0  52.4  76.6  99.2  124   3lada3                    
  20.3  54.1  25.7  21.9  11.0  30.1  10.8  39.2  64.9  77.0  95.9   1.4  20.3  40.5  62.2 100.0   9.5  18.9  51.4  73.0  98.6  74   1fcda3                     
  17.7  45.4  36.9  10.9  17.1  32.6   0.8  27.7  56.2  81.5 100.0   3.8  21.5  40.8  73.1  99.2   1.5  25.4  49.2  70.0  96.2  130   2mnr1                     
  31.0  40.5  28.6  23.9  20.5  21.5   3.4  29.9  52.4  78.9  99.7   0.3  20.4  45.6  73.5  99.0   1.0  25.9  51.0  75.2 100.0  294   4enl2                     
  22.0  43.3  34.6  21.4  18.3  33.3   1.6  15.7  48.0  72.4  96.1   3.9  29.9  55.1  75.6 100.0   0.8  20.5  46.5  70.9  97.6  127   1chra1                    
  26.1  47.1  26.8  19.7  17.1  21.7   1.3  20.3  39.9  67.3  98.0   0.7  25.5  49.7  76.5  99.3   7.8  27.5  54.9  78.4 100.0  153   1ezm1                     
  25.8  52.9  21.3  29.2   8.4  22.7   7.1  22.6  46.5  69.7  96.8   1.3  24.5  49.0  72.9  99.4   0.6  25.2  51.0  78.1 100.0  155   8tlne1                    
  27.0  43.5  29.5  22.6  15.6  28.1   3.0  26.5  58.0  81.0  98.5   0.5  23.5  44.5  71.5  99.5   1.5  21.5  45.5  77.0 100.0  200   1iae                      
  32.3  32.8  34.8  25.0  24.5  18.5   0.5  19.9  44.3  74.6  99.5   1.5  34.3  58.7  79.1 100.0   1.0  19.4  43.3  68.2  98.5  201   1iag                      
  31.7  47.3  21.0  31.4  12.4  23.1   1.6  19.3  44.9  67.9  98.8   0.4  28.8  53.9  77.8 100.0   2.5  20.2  40.7  70.4  99.6  243   1srp1                     
  30.6  44.6  24.8  25.0  19.9  23.7   1.3  19.1  43.9  65.6  99.4   0.6  26.8  52.2  77.1 100.0   1.9  22.3  43.3  75.2  97.5  157   1hfc                      
  21.8  43.6  34.5  24.1  16.7  35.2   9.1  27.3  45.5  63.6  98.2   1.8  23.6  49.1  76.4 100.0   5.5  16.4  41.8  72.7  96.4  55   1fca                       
  39.1  29.7  31.2  14.3  28.6  25.4   3.1  15.6  51.6  71.9 100.0   1.6  25.0  40.6  65.6  93.8   6.2  21.9  42.2  79.7  95.3  64   1fxra                      
  36.0  32.0  32.0  20.2  26.3  25.3   4.0  24.0  55.0  72.0  96.0   2.0  23.0  50.0  79.0 100.0   1.0  25.0  44.0  66.0  99.0  100   2atcb1                    
  43.2  25.9  30.9  20.0  36.2  11.2   6.2  23.5  48.1  80.2 100.0   1.2   7.4  38.3  59.3  92.6   8.6  28.4  53.1  76.5  97.5  81   1pba                       
  32.2  37.1  30.8  26.8  17.6  23.2   2.1  20.3  53.8  73.4 100.0   0.7  29.4  56.6  76.2  99.3   1.4  21.7  45.5  61.5  95.8  143   1nhkl                     
  37.1  38.1  24.7  30.2  14.6  24.0   5.2  28.9  50.5  71.1 100.0   2.1  17.5  40.2  75.3  99.0   1.0  25.8  46.4  74.2  93.8  97   1sxl                       
  35.3  31.8  32.9  25.0  23.8  23.8   2.4  17.6  40.0  65.9 100.0   1.2  28.2  56.5  77.6  98.8   8.2  32.9  47.1  67.1  94.1  85   1nrca                      
  30.6  40.0  29.4  20.2  17.9  26.2  12.9  24.7  47.1  58.8  98.8   1.2  28.2  50.6  78.8  96.5   2.4  17.6  44.7  76.5 100.0  85   2bopa                      
  27.9  43.4  28.7  23.1  18.2  26.4   5.7  24.6  50.8  68.9  98.4   1.6  20.5  36.9  63.9  99.2   0.8  35.2  61.5  80.3 100.0  122   3rub1                     
  28.0  44.0  28.0  25.0  13.7  28.2   0.8  12.0  51.2  79.2 100.0   2.4  27.2  40.8  72.0  97.6   5.6  20.0  54.4  74.4  99.2  125   5rub1                     
  34.7  37.8  27.6  28.9  22.7  20.6   4.1  27.6  53.1  77.6  99.0   1.0  25.5  49.0  72.4 100.0   6.1  20.4  38.8  66.3  98.0  98   1aps                       
  45.4  21.6  33.0  19.8  34.4  13.5   2.1  23.7  47.4  76.3  97.9   4.1  29.9  50.5  59.8  99.0   1.0  21.6  49.5  77.3 100.0  97   1ris                       
  33.7  31.5  34.8  31.8  22.7  15.9   4.5  27.0  47.2  75.3  97.8   5.6  25.8  51.7  69.7  91.0   1.1  12.4  48.3  78.7 100.0  89   1efg4                      
  29.7  37.8  32.5  22.4  22.0  20.8   1.2  24.8  50.8  75.6 100.0   1.6  21.5  46.7  72.0  97.6   0.4  24.4  49.2  75.2  99.6  246   1chma2                    
  31.6  35.0  33.5  21.8  20.6  25.2   1.9  25.1  52.1  78.7 100.0   0.4  23.6  50.6  74.9  99.2   0.8  26.2  47.1  73.0  98.5  263   1mat                      
  30.9  38.2  30.9  23.8  18.3  28.0   1.8  30.3  58.2  79.4 100.0   0.6  22.4  45.5  67.3  96.4   1.2  21.2  48.5  73.9  98.8  165   2cmd2                     
  30.8  40.1  29.1  24.0  21.6  22.2   1.2  18.0  45.3  81.4  97.1   0.6  24.4  48.3  66.9  98.8   1.7  26.2  54.7  80.2 100.0  172   1bmda2                    
  30.8  39.6  29.6  22.0  19.0  26.8   0.6  23.1  46.2  79.3  98.2   2.4  24.3  48.5  72.2  99.4   1.2  22.5  56.2  73.4 100.0  169   1llda2                    
  28.7  41.7  29.6  20.7  16.3  26.0   0.4  26.3  49.8  79.8  99.2   1.2  22.3  44.1  65.6 100.0   0.8  25.1  53.4  76.1  99.6  247   1mrj                      
  33.0  36.8  30.3  26.9  22.3  22.7   0.8  26.8  51.3  73.6  99.2   1.1  22.2  46.7  74.7 100.0   0.4  22.6  52.5  74.3  98.9  261   1apa                      
  30.3  46.5  23.2  24.5  15.2  22.8   0.5  17.8  51.9  77.3  98.4   1.6  25.9  46.5  70.3 100.0   1.1  27.0  49.7  69.7  99.5  185   1ltsa                     
  34.2  40.6  25.1  27.4  18.8  22.0   1.6  25.1  51.9  79.1  98.4   0.5  21.9  42.2  73.3 100.0   2.7  28.3  56.7  73.8  99.5  187   1ddt1                     
  28.8  49.1  22.1  30.8  10.9  22.2   2.7  24.3  46.4  70.7  97.3   0.5  25.2  50.5  73.4  99.5   1.8  21.6  51.8  83.3 100.0  222   1prta                     
  46.3  29.3  24.4  35.0  25.0  17.5   4.9  17.1  48.8  73.2  97.6   2.4  19.5  36.6  70.7  92.7   9.8  26.8  56.1  68.3 100.0  41   1ltsc                      
  34.2  36.2  29.5  23.6  22.3  25.0   2.0  22.1  47.0  73.8  98.0   0.7  28.2  55.0  76.5 100.0   1.3  20.8  43.6  73.2  98.7  149   1rtm1                     
  39.0  33.9  27.1  15.4  15.4  21.4   3.4  28.0  62.7  78.0  95.8   1.7  13.6  37.3  59.3 100.0   0.8  32.2  50.8  78.8  99.2  118   1esl1                     
  22.1  51.2  26.7  25.9   9.4  28.2   8.1  22.1  40.7  65.1  94.2   1.2  24.4  54.7  74.4 100.0   2.3  11.6  48.8  77.9  98.8  86   1prtc1                     
  33.7  38.6  27.7  26.0  23.0  20.0   2.0  23.8  54.5  80.2 100.0   5.9  25.7  47.5  69.3  98.0   1.0  17.8  42.6  74.3  99.0  101   1ayaa                     
  25.7  52.3  22.0  29.6  10.2  25.0   3.7  27.5  47.7  68.8 100.0   0.9  21.1  48.6  77.1  98.2   5.5  26.6  50.5  75.2  97.2  109   1ab2                      
  36.2  38.1  25.7  29.8  18.3  18.3   6.7  29.5  53.3  75.2  98.1   1.0  14.3  42.9  72.4 100.0   4.8  24.8  52.4  73.3  94.3  105   2plea                     
  32.2  42.5  25.3  32.6  17.4  24.4   2.3  31.0  48.3  80.5 100.0   1.1  19.5  43.7  72.4  98.9   5.7  24.1  52.9  62.1  97.7  87   1spha                      
  30.6  41.2  28.2  28.6  15.5  26.2   3.5  24.7  52.9  81.2 100.0   8.2  21.2  43.5  65.9  96.5   1.2  25.9  56.5  74.1  98.8  85   1poh                       
  27.9  37.7  34.4  20.7  25.6  25.6   1.6  19.7  52.5  76.2  99.2   3.3  23.0  51.6  70.5  95.9   0.8  23.8  44.3  72.1 100.0  122   2pola1                    
  30.3  36.1  33.6  26.4  24.0  24.0   0.8  22.1  41.8  73.8  99.2   1.6  25.4  48.4  72.1 100.0   3.3  27.0  50.8  69.7  97.5  122   2pola2                    
  36.1  31.1  32.8  19.0  28.1  20.7   0.8  20.5  42.6  67.2  99.2   4.1  22.1  54.1  81.1  97.5   2.5  27.9  59.8  77.0 100.0  122   2pola3                    
  35.7  25.4  38.9  22.4  28.8  20.8   2.4  21.4  46.0  74.6  98.4   3.2  34.1  54.8  73.0  97.6   0.8  20.6  42.9  71.4 100.0  126   1plq1                     
  30.5  39.5  29.9  23.5  21.6  23.9   1.3  23.5  56.3  78.5  99.0   0.6  25.4  45.0  73.6 100.0   0.3  22.5  50.2  71.7  99.7  311   1srya2                    
  34.3  35.1  30.6  24.4  24.4  18.8   1.4  28.0  51.8  72.5  99.7   0.3  22.7  48.4  78.5 100.0   0.6  24.1  46.7  71.1  99.4  353   1asza2                    
  31.0  42.9  26.2  23.2  19.2  23.2   1.6  19.0  53.2  76.2 100.0   3.2  29.4  52.4  73.0  98.4   0.8  18.3  37.3  69.8  99.2  126   1vil                      
  34.0  38.3  27.7  31.2  19.4  19.4   1.1  20.2  56.4  72.3  95.7   2.1  24.5  44.7  67.0 100.0   6.4  23.4  43.6  80.9  97.9  94   1svr                       
  24.8  49.6  25.6  27.4  11.3  28.2   2.4  32.8  56.8  80.8  98.4   0.8  22.4  42.4  67.2  99.2   1.6  23.2  54.4  77.6 100.0  125   2acg                      
  25.9  41.7  32.4  19.6  15.2  28.3   2.9  26.6  53.2  77.0  99.3   0.7  20.9  47.5  72.7 100.0   2.2  28.1  46.8  73.4  96.4  139   2btfp                     
  36.1  31.1  32.8  19.7  27.4  20.0   0.6  20.2  47.5  79.2  99.7   0.3  29.3  52.5  71.3  99.4   1.8  27.3  48.4  72.7 100.0  341   1apme                     
  32.3  33.7  34.0  23.2  22.2  22.8   2.3  20.8  49.8  77.9 100.0   0.3  25.4  46.9  69.0  98.7   1.0  25.1  52.1  76.9  98.0  303   1irk                      
  28.8  44.3  26.9  20.9  15.6  25.6   1.4  23.6  45.3  66.0 100.0   0.9  30.7  51.4  77.8  98.6   0.5  17.9  51.9  72.2  99.1  212   1ppn                      
  25.4  46.3  28.3  26.5  13.2  27.5   2.0  31.2  52.7  78.5 100.0   1.0  24.4  44.4  69.8  99.5   0.5  19.0  56.1  76.6  98.0  205   1hucb                     
  38.3  34.8  27.0  24.7  19.2  20.0   0.4  23.8  48.4  70.3 100.0   1.6  25.4  52.3  76.2  99.2   1.2  21.5  47.7  73.4  99.6  256   4blma                     
  25.6  45.1  29.2  25.7  16.8  29.9   1.1  26.2  49.9  69.4  99.4   0.3  23.1  48.7  77.7  99.7   0.6  24.5  49.6  75.2 100.0  359   2blta                     
  25.4  47.0  27.7  21.7  14.2  27.5   0.6  23.1  46.4  76.1  99.7   0.3  25.9  52.2  75.5 100.0   0.9  23.9  47.8  73.2  99.1  347   3pte                      
  23.9  51.4  24.7  24.0  10.7  25.6   3.3  22.6  50.2  80.7  98.8   0.4  25.5  46.1  70.0 100.0   0.8  24.7  56.4  79.4  99.6  243   2baa                      
  32.6  37.2  30.2  25.0  25.8  18.8   0.8  25.6  45.7  74.4  99.2   2.3  20.2  41.9  69.0  97.7   1.6  23.3  58.9  79.1 100.0  129   2ihl                      
  37.0  34.0  29.0  27.3  24.2  19.9   1.2  29.0  49.4  76.5 100.0   7.4  22.8  50.6  79.6  99.4   0.6  17.9  48.1  68.5  97.5  162   1l92                      
  34.1  42.2  23.8  28.3  17.9  19.0   0.5  24.9  51.4  74.1  98.4   1.1  19.5  54.1  79.5 100.0   2.2  27.6  43.2  66.5  94.1  185   1gbs                      
  29.1  38.4  32.5  20.1  16.6  22.3   0.3  26.2  51.2  71.2  99.4   1.2  25.3  50.3  76.2 100.0   0.6  21.9  49.1  73.1  98.4  320   1frpa                     
  29.0  35.7  35.3  16.6  19.9  24.0   0.7  20.2  48.2  75.4 100.0   2.6  26.1  49.3  74.3  97.8   0.4  25.4  50.4  73.2  98.2  272   2hhma                     
  31.5  35.8  32.8  21.6  19.0  24.8   0.8  16.0  38.2  68.5  97.8   0.5  36.0  58.8  78.0 100.0   0.2  23.5  46.5  74.5  99.0  400   1inp                      
  34.6  35.2  30.2  25.3  22.8  23.5   0.5  26.0  49.1  77.1  99.6   0.2  24.0  51.8  72.5 100.0   1.1  23.3  46.5  74.2  99.3  546   1dpi                      
  29.6  38.3  32.1  21.5  22.6  28.7   3.1  27.0  47.4  71.9  97.4   0.5  19.9  54.6  74.0 100.0   1.0  20.9  45.4  75.0  99.0  196   1har                      
  37.9  32.5  29.6  20.9  25.5  19.7   2.5  22.9  47.9  75.4 100.0   0.4  24.6  50.0  75.0  99.6   2.1  26.2  49.6  72.5  95.8  240   1bpb                      
  35.2  33.7  31.1  22.2  25.1  19.5   0.6  31.7  52.6  72.1  96.5   1.5  19.5  42.2  79.1 100.0   0.3  24.7  48.5  74.1  99.7  344   1hlea                     
  29.0  35.5  35.5  26.7  16.7  10.0   3.2   6.5  16.1  48.4  87.1  19.4  25.8  58.1  83.9 100.0  12.9  32.3  41.9  74.2  90.3  31   1hleb                      
  31.4  28.6  40.0  32.4  14.7  14.7   5.7  17.1  54.3  80.0  97.1   2.9   8.6  51.4  77.1 100.0  11.4  20.0  40.0  65.7  82.9  35   1achb                      
  32.5  35.0  32.5  19.9  20.4  29.6   1.0  18.3  37.6  56.9 100.0   0.5  27.9  59.4  77.7  96.4   3.6  31.5  57.4  80.7  99.5  197   1cola                     
  29.8  39.8  30.4  25.6  18.9  25.6   2.2  16.0  33.1  65.7  98.3   0.6  32.0  52.5  73.5 100.0   1.1  28.2  59.1  80.1  95.0  181   1ddt2                     
  32.8  35.4  31.9  21.5  19.3  26.3   1.3  28.8  48.9  75.1 100.0   0.4  24.0  49.3  67.7  98.7   2.2  17.5  48.0  76.4  99.6  229   1dlc1                     
  37.3  39.4  23.3  28.6  19.5  22.2   0.6  21.5  47.9  74.5  99.7   0.3  24.2  51.2  69.7  99.4   0.9  28.8  52.1  80.6 100.0  330   1pho                      
  26.2  47.2  26.6  21.7  18.0  26.3   0.3  23.6  47.8  69.1  99.7   1.7  25.6  50.8  74.8  98.3   0.7  23.3  52.5  78.4 100.0  301   2por                      
  16.9  41.4  41.7  14.6  10.6  37.9   0.7   9.6  45.7  78.1  99.3   0.3  25.8  49.3  73.2 100.0   2.0  24.5  50.0  71.5  98.3  302   1pcrm                     
  16.1  41.4  42.5  12.5  13.2  37.5   2.2  25.6  56.8  75.8  98.2   0.4  23.8  52.7  74.4 100.0   0.7  24.2  46.9  71.1  99.6  273   1prcl                     
  29.4  45.1  25.5  28.0  14.0  26.0   2.0   9.8  27.5  68.6  94.1   5.9  35.3  52.9  80.4 100.0   3.9  21.6  33.3  58.8  88.2  51   9wga1                      
  20.6  55.9  23.5  27.3   6.1  36.4  14.7  14.7  32.4  79.4 100.0   2.9  20.6  47.1  70.6  97.1   8.8  23.5  44.1  64.7  91.2  34   9wga2                      
  20.9  44.2  34.9  19.0  16.7  28.6   4.7  14.0  32.6  46.5 100.0   9.3  18.6  58.1  79.1  97.7   2.3  25.6  41.9  60.5  93.0  43   9wga3                      
  21.4  52.4  26.2  22.0   9.8  34.1   2.4  11.9  23.8  35.7  97.6   4.8  21.4  59.5  76.2 100.0   7.1  26.2  42.9  61.9  95.2  42   9wga4                      
  25.0  44.4  30.6  25.7  14.3  22.9   8.3  19.4  30.6  41.7  83.3   2.8  25.0  50.0  80.6  97.2  13.9  16.7  55.6  69.4 100.0  36   4cpai                      
  29.2  35.4  35.4  21.3  23.4  27.7   2.1   6.2  37.5  54.2  89.6  12.5  27.1  45.8  66.7 100.0   8.3  29.2  56.2  75.0  97.9  48   1oma                       
  30.8  44.6  24.6  26.6  12.5  23.4   1.5  15.4  35.4  50.8  96.9   4.6  30.8  58.5  80.0  98.5   7.7  24.6  44.6  72.3 100.0  65   2sn3                       
  31.2  42.2  26.6  25.4  22.2  23.8   3.1  17.2  39.1  68.8  96.9   6.2  31.2  60.9  76.6 100.0   1.6  15.6  34.4  59.4  98.4  64   1ptx                       
  32.4  32.4  32.4  19.4  25.0  22.2  10.8  32.4  59.5  81.1  91.9   8.1  21.6  40.5  64.9 100.0   5.4  18.9  43.2  75.7  94.6  37   2crd                       
  29.0  22.6  48.4  13.3  40.0  26.7  12.9  19.4  41.9  77.4  96.8   3.2   3.2  45.2  61.3 100.0   6.5  16.1  38.7  67.7  93.5  31   1scy                       
  30.6  33.3  36.1  28.6  20.0  17.1  25.0  30.6  47.2  69.4 100.0  11.1  22.2  58.3  72.2  86.1   2.8   8.3  33.3  55.6  97.2  36   1chl                       
  32.4  32.4  35.1  11.1  38.9  22.2   8.1  18.9  51.4  73.0  86.5   2.7  27.0  45.9  70.3 100.0   5.4  16.2  40.5  67.6  94.6  37   1ktx                       
  22.5  45.0  32.5  17.9  15.4  20.5  10.0  30.0  62.5  77.5 100.0   2.5  20.0  37.5  60.0  85.0   7.5  15.0  50.0  75.0  95.0  40   1ica                       
  40.4  27.7  31.9  15.2  30.4  15.2   2.1  12.8  46.8  74.5  97.9  14.9  19.1  34.0  63.8  78.7   4.3  21.3  48.9  80.9 100.0  47   2gps                       
  13.9  61.1  25.0  14.3  14.3  17.1   5.6   5.6  19.4  72.2  94.4   2.8  16.7  41.7  61.1  91.7  22.2  30.6  52.8  75.0 100.0  36   2cbh                       
  33.3  28.2  38.5  31.6  28.9  18.4  12.8  20.5  43.6  61.5 100.0   2.6  23.1  51.3  76.9  97.4   5.1  10.3  33.3  71.8  92.3  39   1lpba1                     
  26.1  41.3  32.6  24.4  13.3  42.2   2.2   8.7  45.7  63.0  97.8   6.5  19.6  39.1  71.7  95.7  10.9  21.7  50.0  76.1 100.0  46   1lpba2                     
  36.1  33.3  30.6  28.6  25.7  25.7   5.6  25.0  55.6  75.0 100.0   2.8  11.1  38.9  52.8  94.4  19.4  22.2  47.2  72.2  97.2  36   1tabi                      
  30.6  40.3  29.0  29.5  19.7  23.0   1.6  16.1  45.2  75.8 100.0   9.7  22.6  37.1  64.5  91.9   3.2  27.4  59.7  80.6  96.8  62   3ebx                       
  27.9  45.9  26.2  26.7  13.3  23.3  18.0  32.8  45.9  75.4  98.4   1.6  14.8  42.6  68.9 100.0   3.3  23.0  55.7  78.7  96.7  61   1fas                       
  31.7  28.3  40.0  20.3  22.0  23.7   3.3  20.0  48.3  73.3 100.0  13.3  21.7  45.0  71.7  93.3   1.7  23.3  51.7  70.0  98.3  60   1cdta                      
  37.1  28.6  34.3  17.4  36.2  17.4   2.9  25.7  58.6  78.6 100.0   5.7  15.7  35.7  62.9  88.6   1.4  27.1  50.0  71.4  98.6  70   1erh                       
  31.0  44.8  24.1  31.6  15.8  19.3   1.7  25.9  53.4  74.1  91.4   3.4  20.7  48.3  69.0 100.0   6.9  10.3  37.9  58.6  94.8  58   7pti                       
  38.2  32.7  29.1  22.2  22.2  18.5   3.6  18.2  45.5  76.4  94.5   1.8  21.8  50.9  65.5 100.0   5.5  23.6  36.4  67.3  98.2  55   1knt                       
  36.7  36.7  26.7  30.5  16.9   8.5   3.3  16.7  36.7  56.7  95.0   1.7  35.0  58.3  76.7  96.7   6.7  18.3  55.0  65.0 100.0  60   1tap                       
  23.3  36.7  40.0  17.2  13.8  31.0   3.3   3.3  43.3  50.0  80.0  10.0  23.3  40.0  60.0  90.0   6.7  20.0  63.3  86.7 100.0  30   1dfna                      
  21.1  36.8  42.1  13.5  18.9  43.2  18.4  21.1  57.9  78.9  94.7   2.6  10.5  36.8  65.8  97.4   7.9  31.6  50.0  73.7 100.0  38   1bnb                       
  16.7  52.4  31.0  22.0  12.2  17.1  19.0  19.0  31.0  71.4  85.7   2.4  21.4  54.8  66.7 100.0   7.1  11.9  38.1  73.8  92.9  42   2bds                       
  31.2  41.7  27.1  10.6  25.5  21.3   8.3  14.6  45.8  87.5 100.0   2.1  29.2  41.7  70.8  85.4   6.2  25.0  47.9  68.8  91.7  48   2sh1                       
  33.3  39.2  27.5  24.0  10.0  28.0   7.8  17.6  31.4  62.7 100.0   3.9  43.1  58.8  78.4  94.1   2.0  15.7  39.2  56.9  96.1  51   2hcgb                      
  38.1  38.1  23.8  29.3  19.5  24.4   2.4  11.9  42.9  78.6 100.0   7.1  23.8  52.4  69.0  97.6  14.3  26.2  50.0  66.7  92.9  42   1ccf                       
  26.4  41.5  32.1  17.3  25.0  17.3   1.9  30.2  75.5  84.9 100.0   3.8  13.2  32.1  54.7  83.0  11.3  35.8  49.1  66.0  98.1  53   3egf                       
  24.0  40.0  36.0  14.3  18.4  20.4  12.0  20.0  52.0  58.0  94.0   6.0  24.0  60.0  76.0 100.0   2.0  16.0  46.0  66.0  98.0  50   4tgf                       
  36.0  32.0  32.0  32.7  20.4  16.3   6.0  18.0  38.0  60.0  98.0   2.0  30.0  56.0  82.0 100.0   8.0  26.0  50.0  70.0  96.0  50   1tpn                       
  40.0  40.0  20.0  34.5  17.2  10.3  13.3  46.7  66.7  80.0 100.0   3.3  10.0  33.3  50.0  96.7  20.0  20.0  43.3  76.7  90.0  30   2pf11                      
  32.6  40.7  26.7  35.3  12.9  25.9   3.5  30.2  59.3  70.9 100.0   2.3  16.3  39.5  58.1  98.8   1.2  26.7  54.7  81.4  95.3  86   1urk2                      
  30.0  42.0  28.0  30.6  16.3  26.5   2.0  14.0  44.0  60.0  98.0   6.0  18.0  40.0  76.0  96.0   4.0  24.0  62.0  72.0 100.0  50   3sgbi                      
  30.4  42.9  26.8  21.8   7.3  23.6   7.1  21.4  58.9  75.0  92.9   1.8  17.9  39.3  57.1  98.2  16.1  28.6  51.8  67.9 100.0  56   1tgsi                      
  27.5  47.1  25.5  36.0  14.0  22.0   9.8  27.5  56.9  66.7 100.0   2.0  23.5  41.2  72.5  98.0   3.9  11.8  43.1  70.6  96.1  51   4sgbi                      
  28.3  37.7  32.1  17.3  17.3  28.8   3.8  18.9  28.3  52.8 100.0   5.7  24.5  49.1  77.4  98.1  11.3  35.8  56.6  75.5  94.3  53   1pspa1                     
  28.3  35.8  35.8  15.4  17.3  28.8   1.9   7.5  26.4  54.7  94.3   3.8  30.2  41.5  69.8 100.0   9.4  17.0  58.5  79.2  96.2  53   1pspa2                     
  36.0  25.6  38.4  15.3  36.5  20.0   7.0  31.4  50.0  70.9  95.3   1.2  12.8  51.2  81.4 100.0   3.5  23.3  40.7  68.6  97.7  86   1pdga                      
  28.6  37.5  33.9  23.4  21.6  25.2   2.7  20.5  37.5  73.2  98.2   0.9  33.9  51.8  67.9 100.0   1.8  19.6  46.4  76.8  99.1  112   2tgi                      
  30.8  36.4  32.7  25.5  21.7  21.7   1.9  24.3  44.9  73.8  99.1   0.9  18.7  53.3  70.1 100.0   2.8  20.6  42.1  75.7  96.3  107   1bet                      
  25.9  41.2  32.9  17.9  14.3  28.6   1.2  11.8  47.1  61.2  87.1   4.7  23.5  49.4  80.0 100.0   3.5  25.9  50.6  75.3  97.6  85   1hcna                      
  25.5  39.1  35.5  18.3  20.2  34.9   0.9  16.4  51.8  69.1 100.0   2.7  27.3  47.3  76.4  98.2   3.6  23.6  46.4  70.9  99.1  110   1hcnb                     
  38.5  35.4  26.2  35.9  15.6  10.9   7.7  30.8  55.4  80.0 100.0   4.6  15.4  49.2  70.8  96.9   1.5  20.0  32.3  46.2  98.5  65   1hrti                      
  46.2  30.8  23.1  28.9  26.3  10.5   7.7  25.6  46.2  66.7 100.0   2.6  12.8  61.5  82.1  94.9  10.3  17.9  41.0  56.4  97.4  39   1dec                       
  33.1  44.9  22.0  27.4  17.9  19.7   1.7  20.3  57.6  72.9 100.0   0.8  21.2  42.4  73.7  99.2   7.6  28.8  51.7  71.2  96.6  118   2cy3                      
  34.6  45.8  19.6  27.4  16.0  17.9   2.8  24.3  49.5  67.3  97.2   0.9  23.4  48.6  75.7 100.0   8.4  18.7  43.0  73.8  98.1  107   2cdv                      
  29.0  48.4  22.6  19.7  14.8  18.0   4.8  17.7  32.3  74.2 100.0   1.6  24.2  51.6  62.9  91.9   9.7  35.5  64.5  79.0  96.8  62   1isua                      
  30.6  45.9  23.5  27.4  17.9  20.2   5.9  24.7  47.1  68.2  97.6   1.2  15.3  40.0  65.9 100.0   8.2  42.4  70.6  83.5  96.5  85   1hip                       
  32.4  45.1  22.5  32.9  14.3  17.1   1.4  15.5  38.0  60.6  85.9   2.8  22.5  39.4  71.8 100.0  18.3  47.9  63.4  80.3  93.0  71   2hipa                      
  32.4  40.5  27.0  25.0  22.2  19.4   8.1  16.2  43.2  89.2 100.0   5.4  18.9  48.6  73.0  86.5   2.7  29.7  45.9  64.9  97.3  37   2drpa1                     
  33.3  36.7  30.0  20.7  17.2  20.7   3.3  30.0  50.0  66.7  96.7   6.7  10.0  36.7  73.3  93.3  16.7  23.3  40.0  60.0 100.0  30   1paa                       
  33.3  46.7  20.0  37.9  17.2  24.1   3.3  30.0  56.7  76.7 100.0   6.7  13.3  46.7  70.0  93.3  16.7  16.7  33.3  40.0  73.3  30   4znf                       
  43.3  43.3  13.3  48.3  20.7   6.9   3.3  20.0  46.7  76.7 100.0   6.7  23.3  43.3  66.7  90.0  16.7  16.7  26.7  60.0  73.3  30   5znf                       
  33.3  40.0  26.7  22.0  16.9  27.1   1.7  31.7  65.0  81.7  95.0   5.0  21.7  40.0  63.3 100.0  10.0  28.3  46.7  66.7  96.7  60   1gata                      
  33.8  31.0  35.2  20.0  21.4  20.0   8.5  42.3  64.8  80.3 100.0   7.0  16.9  39.4  54.9  98.6   1.4  21.1  35.2  63.4  95.8  71   1rgd                       
  36.0  34.0  30.0  24.5  22.4  16.3   2.0  28.0  48.0  64.0  96.0   4.0  10.0  42.0  58.0  88.0  18.0  24.0  68.0  80.0 100.0  50   1tfi                       
  34.6  30.8  34.6  19.6  23.5  23.5   1.9   9.6  55.8  73.1 100.0  19.2  32.7  44.2  65.4  98.1   7.7  15.4  48.1  71.2  96.2  52   2atcb2                     
  29.4  45.1  25.5  34.0  12.0  20.0   2.0  21.6  39.2  60.8  96.1   5.9  23.5  49.0  76.5 100.0   7.8  13.7  56.9  72.5  94.1  51   8rxna                      
  26.7  40.0  33.3  13.8  31.0  34.5   6.7  13.3  66.7  76.7 100.0  10.0  26.7  40.0  56.7  93.3   3.3  16.7  50.0  70.0  96.7  30   2mhu                       
  19.4  41.9  38.7  20.0  10.0  36.7   3.2   3.2  51.6  67.7  83.9   6.5  25.8  38.7  71.0 100.0   9.7  19.4  45.2  64.5  96.8  31   1mrb                       
  29.0  41.9  29.0  20.0  16.7  36.7  12.9  16.1  48.4  54.8 100.0   3.2  22.6  41.9  67.7  96.8   9.7  19.4  38.7  71.0  93.5  31   1dmc                       
  41.7  44.4  13.9  45.7   8.6  11.4   2.8  11.1  38.9  63.9  97.2   5.6  22.2  41.7  69.4  91.7  44.4  44.4  77.8  80.6 100.0  36   2bpa3                      
  27.5  50.0  22.5  25.6  17.9  15.4   5.0  12.5  50.0  72.5 100.0   7.5  22.5  35.0  62.5  95.0   2.5  42.5  60.0  77.5  97.5  40   4rhv4                      
  10.4  46.3  43.3  12.1   6.1  51.5   3.0   3.0  11.9  52.2  56.7   1.5  23.9  50.7  74.6 100.0   4.5  26.9  46.3  76.1  98.5  67   1bhb                       
  17.4  33.3  49.3  13.2  19.1  26.5   2.9  14.5  46.4  72.5  94.2   4.3  23.2  44.9  75.4 100.0   1.4  26.1  53.6  71.0  98.6  69   1bct                       
