	A	C	D	E	F	G	H	I	K	L	M	N	P	Q	R	S	T	V	W	Y
0	-1.7242758696007892	-1.7242758696007892	-1.7242758696007892	-1.7242758696007892	-1.7242758696007892	-1.7242758696007892	-1.7242758696007892	-1.7242758696007892	-1.7242758696007892	-1.7242758696007892	-1.7242758696007892	-1.7242758696007892	-1.423245873936808	-1.7242758696007892	-1.7242758696007892	-1.7242758696007892	-1.7242758696007892	-1.7242758696007892	-1.7242758696007892	-1.7242758696007892
1	-1.7242758696007892	-1.7242758696007892	-1.7242758696007892	-1.7242758696007892	-1.7242758696007892	-1.7242758696007892	-1.7242758696007892	-1.7242758696007892	-1.7242758696007892	-1.7242758696007892	-1.7242758696007892	-1.7242758696007892	-1.7242758696007892	-1.7242758696007892	-1.7242758696007892	-1.423245873936808	-1.7242758696007892	-1.7242758696007892	-1.7242758696007892	-1.7242758696007892
2	-1.7242758696007892	-1.7242758696007892	-1.7242758696007892	-1.7242758696007892	-1.7242758696007892	-1.7242758696007892	-1.7242758696007892	-1.7242758696007892	-1.7242758696007892	-1.7242758696007892	-1.7242758696007892	-1.7242758696007892	-1.7242758696007892	-1.7242758696007892	-1.7242758696007892	-1.7242758696007892	-1.7242758696007892	-1.423245873936808	-1.7242758696007892	-1.7242758696007892
3	-1.7242758696007892	-1.7242758696007892	-1.7242758696007892	-1.7242758696007892	-1.7242758696007892	-1.7242758696007892	-1.7242758696007892	-1.7242758696007892	-1.7242758696007892	-1.7242758696007892	-1.7242758696007892	-1.7242758696007892	-1.7242758696007892	-1.6630062128618663	-1.7242758696007892	-1.7242758696007892	-1.7242758696007892	-1.7242758696007892	-1.7242758696007892	-1.4574599744679095
4	-1.7242758696007892	-1.7242758696007892	-1.4366098354947894	-1.7242758696007892	-1.7242758696007892	-1.698721765128401	-1.7242758696007892	-1.7242758696007892	-1.7242758696007892	-1.7242758696007892	-1.7242758696007892	-1.7242758696007892	-1.7242758696007892	-1.7242758696007892	-1.7242758696007892	-1.7242758696007892	-1.7242758696007892	-1.7242758696007892	-1.7242758696007892	-1.7242758696007892
5	-1.423245873936808	-1.7242758696007892	-1.7242758696007892	-1.7242758696007892	-1.7242758696007892	-1.7242758696007892	-1.7242758696007892	-1.7242758696007892	-1.7242758696007892	-1.7242758696007892	-1.7242758696007892	-1.7242758696007892	-1.7242758696007892	-1.7242758696007892	-1.7242758696007892	-1.7242758696007892	-1.7242758696007892	-1.7242758696007892	-1.7242758696007892	-1.7242758696007892
6	-1.423245873936808	-1.7242758696007892	-1.7242758696007892	-1.7242758696007892	-1.7242758696007892	-1.7242758696007892	-1.7242758696007892	-1.7242758696007892	-1.7242758696007892	-1.7242758696007892	-1.7242758696007892	-1.7242758696007892	-1.7242758696007892	-1.7242758696007892	-1.7242758696007892	-1.7242758696007892	-1.7242758696007892	-1.7242758696007892	-1.7242758696007892	-1.7242758696007892
7	-1.423245873936808	-1.7242758696007892	-1.7242758696007892	-1.7242758696007892	-1.7242758696007892	-1.7242758696007892	-1.7242758696007892	-1.7242758696007892	-1.7242758696007892	-1.7242758696007892	-1.7242758696007892	-1.7242758696007892	-1.7242758696007892	-1.7242758696007892	-1.7242758696007892	-1.7242758696007892	-1.7242758696007892	-1.7242758696007892	-1.7242758696007892	-1.7242758696007892
8	-1.7242758696007892	-1.7242758696007892	-1.7242758696007892	-1.7242758696007892	-1.7242758696007892	-1.7242758696007892	-1.7242758696007892	-1.7242758696007892	-1.7242758696007892	-1.7242758696007892	-1.7242758696007892	-1.7242758696007892	-1.7242758696007892	-1.423245873936808	-1.7242758696007892	-1.7242758696007892	-1.7242758696007892	-1.7242758696007892	-1.7242758696007892	-1.7242758696007892
9	-1.7242758696007892	-1.7242758696007892	-1.7242758696007892	-1.7242758696007892	-1.7242758696007892	-1.7242758696007892	-1.7242758696007892	-1.698721765128401	-1.7242758696007892	-1.4366098354947894	-1.7242758696007892	-1.7242758696007892	-1.7242758696007892	-1.7242758696007892	-1.7242758696007892	-1.7242758696007892	-1.7242758696007892	-1.7242758696007892	-1.7242758696007892	-1.7242758696007892
10	-1.7242758696007892	-1.7242758696007892	-1.7242758696007892	-1.7242758696007892	-1.7242758696007892	-1.7242758696007892	-1.7242758696007892	-1.7242758696007892	-1.7242758696007892	-1.7242758696007892	-1.7242758696007892	-1.7242758696007892	-1.7242758696007892	-1.7242758696007892	-1.7242758696007892	-1.698721765128401	-1.4366098354947894	-1.7242758696007892	-1.7242758696007892	-1.7242758696007892
11	-1.423245873936808	-1.7242758696007892	-1.7242758696007892	-1.7242758696007892	-1.7242758696007892	-1.7242758696007892	-1.7242758696007892	-1.7242758696007892	-1.7242758696007892	-1.7242758696007892	-1.7242758696007892	-1.7242758696007892	-1.7242758696007892	-1.7242758696007892	-1.7242758696007892	-1.7242758696007892	-1.7242758696007892	-1.7242758696007892	-1.7242758696007892	-1.7242758696007892
12	-1.7242758696007892	-1.7242758696007892	-1.423245873936808	-1.7242758696007892	-1.7242758696007892	-1.7242758696007892	-1.7242758696007892	-1.7242758696007892	-1.7242758696007892	-1.7242758696007892	-1.7242758696007892	-1.7242758696007892	-1.7242758696007892	-1.7242758696007892	-1.7242758696007892	-1.7242758696007892	-1.7242758696007892	-1.7242758696007892	-1.7242758696007892	-1.7242758696007892
13	-1.7242758696007892	-1.7242758696007892	-1.7242758696007892	-1.7242758696007892	-1.7242758696007892	-1.7242758696007892	-1.7242758696007892	-1.7242758696007892	-1.7242758696007892	-1.7242758696007892	-1.7242758696007892	-1.7242758696007892	-1.7242758696007892	-1.7242758696007892	-1.7242758696007892	-1.7242758696007892	-1.7242758696007892	-1.423245873936808	-1.7242758696007892	-1.7242758696007892
14	-1.7242758696007892	-1.7242758696007892	-1.7242758696007892	-1.7242758696007892	-1.7242758696007892	-1.7242758696007892	-1.7242758696007892	-1.7242758696007892	-1.423245873936808	-1.7242758696007892	-1.7242758696007892	-1.7242758696007892	-1.7242758696007892	-1.7242758696007892	-1.7242758696007892	-1.7242758696007892	-1.7242758696007892	-1.7242758696007892	-1.7242758696007892	-1.7242758696007892
15	-1.7242758696007892	-1.7242758696007892	-1.7242758696007892	-1.7242758696007892	-1.7242758696007892	-1.7242758696007892	-1.7242758696007892	-1.7242758696007892	-1.423245873936808	-1.7242758696007892	-1.7242758696007892	-1.7242758696007892	-1.7242758696007892	-1.7242758696007892	-1.7242758696007892	-1.7242758696007892	-1.7242758696007892	-1.7242758696007892	-1.7242758696007892	-1.7242758696007892
16	-1.7242758696007892	-1.7242758696007892	-1.423245873936808	-1.7242758696007892	-1.7242758696007892	-1.7242758696007892	-1.7242758696007892	-1.7242758696007892	-1.7242758696007892	-1.7242758696007892	-1.7242758696007892	-1.7242758696007892	-1.7242758696007892	-1.7242758696007892	-1.7242758696007892	-1.7242758696007892	-1.7242758696007892	-1.7242758696007892	-1.7242758696007892	-1.7242758696007892
17	-1.7242758696007892	-1.7242758696007892	-1.7242758696007892	-1.7242758696007892	-1.7242758696007892	-1.7242758696007892	-1.7242758696007892	-1.7242758696007892	-1.7242758696007892	-1.423245873936808	-1.7242758696007892	-1.7242758696007892	-1.7242758696007892	-1.7242758696007892	-1.7242758696007892	-1.7242758696007892	-1.7242758696007892	-1.7242758696007892	-1.7242758696007892	-1.7242758696007892
18	-1.7242758696007892	-1.7242758696007892	-1.7242758696007892	-1.7242758696007892	-1.7242758696007892	-1.7242758696007892	-1.7242758696007892	-1.7242758696007892	-1.7242758696007892	-1.7242758696007892	-1.7242758696007892	-1.7242758696007892	-1.7242758696007892	-1.7242758696007892	-1.423245873936808	-1.7242758696007892	-1.7242758696007892	-1.7242758696007892	-1.7242758696007892	-1.7242758696007892
19	-1.7242758696007892	-1.7242758696007892	-1.423245873936808	-1.7242758696007892	-1.7242758696007892	-1.7242758696007892	-1.7242758696007892	-1.7242758696007892	-1.7242758696007892	-1.7242758696007892	-1.7242758696007892	-1.7242758696007892	-1.7242758696007892	-1.7242758696007892	-1.7242758696007892	-1.7242758696007892	-1.7242758696007892	-1.7242758696007892	-1.7242758696007892	-1.7242758696007892
20	-1.7242758696007892	-1.7242758696007892	-1.7242758696007892	-1.7242758696007892	-1.7242758696007892	-1.7242758696007892	-1.7242758696007892	-1.7242758696007892	-1.7242758696007892	-1.7242758696007892	-1.7242758696007892	-1.7242758696007892	-1.7242758696007892	-1.7242758696007892	-1.7242758696007892	-1.423245873936808	-1.7242758696007892	-1.7242758696007892	-1.7242758696007892	-1.7242758696007892
21	-1.7242758696007892	-1.7242758696007892	-1.7242758696007892	-1.7242758696007892	-1.7242758696007892	-1.7242758696007892	-1.7242758696007892	-1.7242758696007892	-1.7242758696007892	-1.7242758696007892	-1.7242758696007892	-1.7242758696007892	-1.7242758696007892	-1.7242758696007892	-1.7242758696007892	-1.7242758696007892	-1.7242758696007892	-1.7242758696007892	-1.423245873936808	-1.7242758696007892
22	-1.698721765128401	-1.7242758696007892	-1.7242758696007892	-1.7242758696007892	-1.7242758696007892	-1.7242758696007892	-1.7242758696007892	-1.7242758696007892	-1.4366098354947894	-1.7242758696007892	-1.7242758696007892	-1.7242758696007892	-1.7242758696007892	-1.7242758696007892	-1.7242758696007892	-1.7242758696007892	-1.7242758696007892	-1.7242758696007892	-1.7242758696007892	-1.7242758696007892
23	-1.698721765128401	-1.7242758696007892	-1.7242758696007892	-1.7242758696007892	-1.7242758696007892	-1.7242758696007892	-1.7242758696007892	-1.7242758696007892	-1.7242758696007892	-1.7242758696007892	-1.7242758696007892	-1.7242758696007892	-1.7242758696007892	-1.7242758696007892	-1.7242758696007892	-1.7242758696007892	-1.7242758696007892	-1.4366098354947894	-1.7242758696007892	-1.7242758696007892
24	-1.7242758696007892	-1.7242758696007892	-1.7242758696007892	-1.7242758696007892	-1.7242758696007892	-1.7242758696007892	-1.7242758696007892	-1.4503981199804226	-1.7242758696007892	-1.6864873087113894	-1.7242758696007892	-1.7242758696007892	-1.7242758696007892	-1.7242758696007892	-1.7242758696007892	-1.7242758696007892	-1.7242758696007892	-1.7242758696007892	-1.7113108924364213	-1.7242758696007892
25	-1.7242758696007892	-1.7242758696007892	-1.7242758696007892	-1.7242758696007892	-1.7242758696007892	-1.423245873936808	-1.7242758696007892	-1.7242758696007892	-1.7242758696007892	-1.7242758696007892	-1.7242758696007892	-1.7242758696007892	-1.7242758696007892	-1.7242758696007892	-1.7242758696007892	-1.7242758696007892	-1.7242758696007892	-1.7242758696007892	-1.7242758696007892	-1.7242758696007892
26	-1.7242758696007892	-1.7242758696007892	-1.7242758696007892	-1.7242758696007892	-1.7242758696007892	-1.7242758696007892	-1.7242758696007892	-1.7242758696007892	-1.7242758696007892	-1.7242758696007892	-1.7242758696007892	-1.7242758696007892	-1.7242758696007892	-1.7242758696007892	-1.7242758696007892	-1.423245873936808	-1.7242758696007892	-1.7242758696007892	-1.7242758696007892	-1.7242758696007892
27	-1.7242758696007892	-1.7242758696007892	-1.423245873936808	-1.7242758696007892	-1.7242758696007892	-1.7242758696007892	-1.7242758696007892	-1.7242758696007892	-1.7242758696007892	-1.7242758696007892	-1.7242758696007892	-1.7242758696007892	-1.7242758696007892	-1.7242758696007892	-1.7242758696007892	-1.7242758696007892	-1.7242758696007892	-1.7242758696007892	-1.7242758696007892	-1.7242758696007892
28	-1.7242758696007892	-1.7242758696007892	-1.7242758696007892	-1.7242758696007892	-1.7242758696007892	-1.7242758696007892	-1.7242758696007892	-1.7242758696007892	-1.423245873936808	-1.7242758696007892	-1.7242758696007892	-1.7242758696007892	-1.7242758696007892	-1.7242758696007892	-1.7242758696007892	-1.7242758696007892	-1.7242758696007892	-1.7242758696007892	-1.7242758696007892	-1.7242758696007892
29	-1.7242758696007892	-1.7242758696007892	-1.7242758696007892	-1.7242758696007892	-1.7242758696007892	-1.7242758696007892	-1.7242758696007892	-1.7242758696007892	-1.4366098354947894	-1.7242758696007892	-1.7242758696007892	-1.7242758696007892	-1.7242758696007892	-1.7242758696007892	-1.7242758696007892	-1.7242758696007892	-1.698721765128401	-1.7242758696007892	-1.7242758696007892	-1.7242758696007892
30	-1.7242758696007892	-1.7242758696007892	-1.7242758696007892	-1.7242758696007892	-1.7242758696007892	-1.4366098354947894	-1.7242758696007892	-1.7242758696007892	-1.7242758696007892	-1.7242758696007892	-1.7242758696007892	-1.698721765128401	-1.7242758696007892	-1.7242758696007892	-1.7242758696007892	-1.7242758696007892	-1.7242758696007892	-1.7242758696007892	-1.7242758696007892	-1.7242758696007892
31	-1.7242758696007892	-1.7242758696007892	-1.7113108924364213	-1.7242758696007892	-1.7242758696007892	-1.7242758696007892	-1.7242758696007892	-1.7242758696007892	-1.7242758696007892	-1.7242758696007892	-1.7242758696007892	-1.429876452835821	-1.7242758696007892	-1.7242758696007892	-1.7242758696007892	-1.7242758696007892	-1.7242758696007892	-1.7242758696007892	-1.7242758696007892	-1.7242758696007892
32	-1.7242758696007892	-1.7242758696007892	-1.7242758696007892	-1.7242758696007892	-1.7242758696007892	-1.423245873936808	-1.7242758696007892	-1.7242758696007892	-1.7242758696007892	-1.7242758696007892	-1.7242758696007892	-1.7242758696007892	-1.7242758696007892	-1.7242758696007892	-1.7242758696007892	-1.7242758696007892	-1.7242758696007892	-1.7242758696007892	-1.7242758696007892	-1.7242758696007892
33	-1.7242758696007892	-1.7242758696007892	-1.7242758696007892	-1.7242758696007892	-1.7242758696007892	-1.7242758696007892	-1.7242758696007892	-1.7242758696007892	-1.7242758696007892	-1.7242758696007892	-1.7113108924364213	-1.7242758696007892	-1.7242758696007892	-1.7242758696007892	-1.7242758696007892	-1.7242758696007892	-1.7242758696007892	-1.429876452835821	-1.7242758696007892	-1.7242758696007892
34	-1.423245873936808	-1.7242758696007892	-1.7242758696007892	-1.7242758696007892	-1.7242758696007892	-1.7242758696007892	-1.7242758696007892	-1.7242758696007892	-1.7242758696007892	-1.7242758696007892	-1.7242758696007892	-1.7242758696007892	-1.7242758696007892	-1.7242758696007892	-1.7242758696007892	-1.7242758696007892	-1.7242758696007892	-1.7242758696007892	-1.7242758696007892	-1.7242758696007892
35	-1.7113108924364213	-1.7242758696007892	-1.7242758696007892	-1.7242758696007892	-1.7113108924364213	-1.7242758696007892	-1.7242758696007892	-1.7242758696007892	-1.7242758696007892	-1.4503981199804226	-1.7113108924364213	-1.7242758696007892	-1.7242758696007892	-1.7242758696007892	-1.7242758696007892	-1.7242758696007892	-1.7242758696007892	-1.7113108924364213	-1.7242758696007892	-1.7242758696007892
36	-1.7113108924364213	-1.7242758696007892	-1.7242758696007892	-1.7242758696007892	-1.7113108924364213	-1.7242758696007892	-1.7242758696007892	-1.7242758696007892	-1.7242758696007892	-1.7242758696007892	-1.4503981199804226	-1.7242758696007892	-1.7242758696007892	-1.7242758696007892	-1.7242758696007892	-1.7242758696007892	-1.7242758696007892	-1.698721765128401	-1.7242758696007892	-1.7242758696007892
37	-1.7242758696007892	-1.7242758696007892	-1.7242758696007892	-1.7242758696007892	-1.7242758696007892	-1.7242758696007892	-1.7242758696007892	-1.7242758696007892	-1.7242758696007892	-1.7242758696007892	-1.7242758696007892	-1.7242758696007892	-1.7242758696007892	-1.7242758696007892	-1.7242758696007892	-1.698721765128401	-1.4366098354947894	-1.7242758696007892	-1.7242758696007892	-1.7242758696007892
38	-1.7242758696007892	-1.7242758696007892	-1.7242758696007892	-1.7242758696007892	-1.7242758696007892	-1.7242758696007892	-1.7242758696007892	-1.7242758696007892	-1.7242758696007892	-1.7242758696007892	-1.7242758696007892	-1.7242758696007892	-1.7242758696007892	-1.7242758696007892	-1.7242758696007892	-1.7242758696007892	-1.423245873936808	-1.7242758696007892	-1.7242758696007892	-1.7242758696007892
39	-1.7242758696007892	-1.7242758696007892	-1.7242758696007892	-1.7242758696007892	-1.7242758696007892	-1.7242758696007892	-1.7242758696007892	-1.7242758696007892	-1.7242758696007892	-1.423245873936808	-1.7242758696007892	-1.7242758696007892	-1.7242758696007892	-1.7242758696007892	-1.7242758696007892	-1.7242758696007892	-1.7242758696007892	-1.7242758696007892	-1.7242758696007892	-1.7242758696007892
40	-1.7242758696007892	-1.7242758696007892	-1.7242758696007892	-1.7242758696007892	-1.423245873936808	-1.7242758696007892	-1.7242758696007892	-1.7242758696007892	-1.7242758696007892	-1.7242758696007892	-1.7242758696007892	-1.7242758696007892	-1.7242758696007892	-1.7242758696007892	-1.7242758696007892	-1.7242758696007892	-1.7242758696007892	-1.7242758696007892	-1.7242758696007892	-1.7242758696007892
41	-1.4434492600250948	-1.7242758696007892	-1.7242758696007892	-1.7242758696007892	-1.7242758696007892	-1.7242758696007892	-1.7242758696007892	-1.7242758696007892	-1.7242758696007892	-1.7242758696007892	-1.7242758696007892	-1.6864873087113894	-1.7242758696007892	-1.7242758696007892	-1.7242758696007892	-1.7242758696007892	-1.7242758696007892	-1.7242758696007892	-1.7242758696007892	-1.7242758696007892
42	-1.7242758696007892	-1.7242758696007892	-1.423245873936808	-1.7242758696007892	-1.7242758696007892	-1.7242758696007892	-1.7242758696007892	-1.7242758696007892	-1.7242758696007892	-1.7242758696007892	-1.7242758696007892	-1.7242758696007892	-1.7242758696007892	-1.7242758696007892	-1.7242758696007892	-1.7242758696007892	-1.7242758696007892	-1.7242758696007892	-1.7242758696007892	-1.7242758696007892
43	-1.7242758696007892	-1.7113108924364213	-1.7242758696007892	-1.7242758696007892	-1.7242758696007892	-1.7242758696007892	-1.7113108924364213	-1.7242758696007892	-1.7242758696007892	-1.7242758696007892	-1.7242758696007892	-1.4434492600250948	-1.7242758696007892	-1.7242758696007892	-1.7242758696007892	-1.7242758696007892	-1.7242758696007892	-1.7242758696007892	-1.7242758696007892	-1.7113108924364213
44	-1.7242758696007892	-1.7242758696007892	-1.7242758696007892	-1.7242758696007892	-1.7242758696007892	-1.7242758696007892	-1.7242758696007892	-1.7242758696007892	-1.7242758696007892	-1.7242758696007892	-1.7242758696007892	-1.7242758696007892	-1.698721765128401	-1.4366098354947894	-1.7242758696007892	-1.7242758696007892	-1.7242758696007892	-1.7242758696007892	-1.7242758696007892	-1.7242758696007892
45	-1.7242758696007892	-1.7242758696007892	-1.7242758696007892	-1.423245873936808	-1.7242758696007892	-1.7242758696007892	-1.7242758696007892	-1.7242758696007892	-1.7242758696007892	-1.7242758696007892	-1.7242758696007892	-1.7242758696007892	-1.7242758696007892	-1.7242758696007892	-1.7242758696007892	-1.7242758696007892	-1.7242758696007892	-1.7242758696007892	-1.7242758696007892	-1.7242758696007892
46	-1.7242758696007892	-1.7242758696007892	-1.7242758696007892	-1.7242758696007892	-1.7242758696007892	-1.7242758696007892	-1.7242758696007892	-1.7242758696007892	-1.7242758696007892	-1.7242758696007892	-1.7242758696007892	-1.7242758696007892	-1.7242758696007892	-1.7242758696007892	-1.7242758696007892	-1.7242758696007892	-1.423245873936808	-1.7242758696007892	-1.7242758696007892	-1.7242758696007892
47	-1.7242758696007892	-1.7242758696007892	-1.7242758696007892	-1.7242758696007892	-1.7242758696007892	-1.7242758696007892	-1.7242758696007892	-1.4366098354947894	-1.7242758696007892	-1.7242758696007892	-1.7242758696007892	-1.7242758696007892	-1.7242758696007892	-1.7242758696007892	-1.7242758696007892	-1.7242758696007892	-1.7242758696007892	-1.698721765128401	-1.7242758696007892	-1.7242758696007892
48	-1.6864873087113894	-1.7242758696007892	-1.7242758696007892	-1.7242758696007892	-1.7242758696007892	-1.4434492600250948	-1.7242758696007892	-1.7242758696007892	-1.7242758696007892	-1.7242758696007892	-1.7242758696007892	-1.7242758696007892	-1.7242758696007892	-1.7242758696007892	-1.7242758696007892	-1.7242758696007892	-1.7242758696007892	-1.7242758696007892	-1.7242758696007892	-1.7242758696007892
49	-1.7242758696007892	-1.7242758696007892	-1.7242758696007892	-1.7242758696007892	-1.7242758696007892	-1.7242758696007892	-1.7242758696007892	-1.7242758696007892	-1.7242758696007892	-1.7242758696007892	-1.7242758696007892	-1.7242758696007892	-1.7242758696007892	-1.7242758696007892	-1.7242758696007892	-1.7242758696007892	-1.7242758696007892	-1.7242758696007892	-1.7242758696007892	-1.423245873936808
50	-1.7242758696007892	-1.7242758696007892	-1.7242758696007892	-1.7242758696007892	-1.423245873936808	-1.7242758696007892	-1.7242758696007892	-1.7242758696007892	-1.7242758696007892	-1.7242758696007892	-1.7242758696007892	-1.7242758696007892	-1.7242758696007892	-1.7242758696007892	-1.7242758696007892	-1.7242758696007892	-1.7242758696007892	-1.7242758696007892	-1.7242758696007892	-1.7242758696007892
51	-1.7242758696007892	-1.7242758696007892	-1.7242758696007892	-1.7242758696007892	-1.7242758696007892	-1.7242758696007892	-1.7242758696007892	-1.7242758696007892	-1.423245873936808	-1.7242758696007892	-1.7242758696007892	-1.7242758696007892	-1.7242758696007892	-1.7242758696007892	-1.7242758696007892	-1.7242758696007892	-1.7242758696007892	-1.7242758696007892	-1.7242758696007892	-1.7242758696007892
52	-1.7242758696007892	-1.7242758696007892	-1.7242758696007892	-1.7242758696007892	-1.7242758696007892	-1.7242758696007892	-1.7242758696007892	-1.7242758696007892	-1.7242758696007892	-1.7242758696007892	-1.7242758696007892	-1.7242758696007892	-1.7242758696007892	-1.7242758696007892	-1.423245873936808	-1.7242758696007892	-1.7242758696007892	-1.7242758696007892	-1.7242758696007892	-1.7242758696007892
53	-1.7242758696007892	-1.7242758696007892	-1.7242758696007892	-1.7242758696007892	-1.7242758696007892	-1.7242758696007892	-1.7242758696007892	-1.7242758696007892	-1.7242758696007892	-1.429876452835821	-1.7113108924364213	-1.7242758696007892	-1.7242758696007892	-1.7242758696007892	-1.7242758696007892	-1.7242758696007892	-1.7242758696007892	-1.7242758696007892	-1.7242758696007892	-1.7242758696007892
54	-1.7242758696007892	-1.7242758696007892	-1.7242758696007892	-1.7242758696007892	-1.7242758696007892	-1.423245873936808	-1.7242758696007892	-1.7242758696007892	-1.7242758696007892	-1.7242758696007892	-1.7242758696007892	-1.7242758696007892	-1.7242758696007892	-1.7242758696007892	-1.7242758696007892	-1.7242758696007892	-1.7242758696007892	-1.7242758696007892	-1.7242758696007892	-1.7242758696007892
55	-1.7242758696007892	-1.7242758696007892	-1.4503981199804226	-1.7242758696007892	-1.7242758696007892	-1.7242758696007892	-1.7242758696007892	-1.7242758696007892	-1.7242758696007892	-1.7242758696007892	-1.7242758696007892	-1.6745880854116815	-1.7242758696007892	-1.7242758696007892	-1.7242758696007892	-1.7242758696007892	-1.7242758696007892	-1.7242758696007892	-1.7242758696007892	-1.7242758696007892
56	-1.7242758696007892	-1.7242758696007892	-1.7242758696007892	-1.7242758696007892	-1.7242758696007892	-1.7242758696007892	-1.7242758696007892	-1.698721765128401	-1.7242758696007892	-1.7242758696007892	-1.7242758696007892	-1.7242758696007892	-1.7242758696007892	-1.7242758696007892	-1.7242758696007892	-1.7242758696007892	-1.7242758696007892	-1.4366098354947894	-1.7242758696007892	-1.7242758696007892
57	-1.7242758696007892	-1.7242758696007892	-1.7242758696007892	-1.7242758696007892	-1.7242758696007892	-1.7242758696007892	-1.7242758696007892	-1.7242758696007892	-1.698721765128401	-1.7242758696007892	-1.7242758696007892	-1.7242758696007892	-1.7242758696007892	-1.7242758696007892	-1.7242758696007892	-1.4366098354947894	-1.7242758696007892	-1.7242758696007892	-1.7242758696007892	-1.7242758696007892
58	-1.7242758696007892	-1.7242758696007892	-1.7242758696007892	-1.7242758696007892	-1.7242758696007892	-1.7242758696007892	-1.7242758696007892	-1.7242758696007892	-1.7242758696007892	-1.7242758696007892	-1.7242758696007892	-1.7242758696007892	-1.7242758696007892	-1.423245873936808	-1.7242758696007892	-1.7242758696007892	-1.7242758696007892	-1.7242758696007892	-1.7242758696007892	-1.7242758696007892
59	-1.7242758696007892	-1.7242758696007892	-1.7242758696007892	-1.7242758696007892	-1.7242758696007892	-1.423245873936808	-1.7242758696007892	-1.7242758696007892	-1.7242758696007892	-1.7242758696007892	-1.7242758696007892	-1.7242758696007892	-1.7242758696007892	-1.7242758696007892	-1.7242758696007892	-1.7242758696007892	-1.7242758696007892	-1.7242758696007892	-1.7242758696007892	-1.7242758696007892
60	-1.7242758696007892	-1.7242758696007892	-1.7242758696007892	-1.7242758696007892	-1.7242758696007892	-1.7242758696007892	-1.7242758696007892	-1.7242758696007892	-1.698721765128401	-1.7242758696007892	-1.4366098354947894	-1.7242758696007892	-1.7242758696007892	-1.7242758696007892	-1.7242758696007892	-1.7242758696007892	-1.7242758696007892	-1.7242758696007892	-1.7242758696007892	-1.7242758696007892
61	-1.4366098354947894	-1.7242758696007892	-1.7242758696007892	-1.7242758696007892	-1.7242758696007892	-1.7242758696007892	-1.7242758696007892	-1.7242758696007892	-1.7242758696007892	-1.7242758696007892	-1.7242758696007892	-1.698721765128401	-1.7242758696007892	-1.7242758696007892	-1.7242758696007892	-1.7242758696007892	-1.7242758696007892	-1.7242758696007892	-1.7242758696007892	-1.7242758696007892
62	-1.7242758696007892	-1.7242758696007892	-1.7242758696007892	-1.7242758696007892	-1.7242758696007892	-1.7242758696007892	-1.7242758696007892	-1.7242758696007892	-1.7242758696007892	-1.7242758696007892	-1.7242758696007892	-1.423245873936808	-1.7242758696007892	-1.7242758696007892	-1.7242758696007892	-1.7242758696007892	-1.7242758696007892	-1.7242758696007892	-1.7242758696007892	-1.7242758696007892
63	-1.7242758696007892	-1.7242758696007892	-1.429876452835821	-1.7242758696007892	-1.7242758696007892	-1.7242758696007892	-1.7242758696007892	-1.7242758696007892	-1.7242758696007892	-1.7242758696007892	-1.7242758696007892	-1.7242758696007892	-1.7242758696007892	-1.7242758696007892	-1.7242758696007892	-1.7113108924364213	-1.7242758696007892	-1.7242758696007892	-1.7242758696007892	-1.7242758696007892
64	-1.7242758696007892	-1.7242758696007892	-1.7242758696007892	-1.7242758696007892	-1.7242758696007892	-1.7242758696007892	-1.7242758696007892	-1.7242758696007892	-1.423245873936808	-1.7242758696007892	-1.7242758696007892	-1.7242758696007892	-1.7242758696007892	-1.7242758696007892	-1.7242758696007892	-1.7242758696007892	-1.7242758696007892	-1.7242758696007892	-1.7242758696007892	-1.7242758696007892
65	-1.7242758696007892	-1.7242758696007892	-1.7242758696007892	-1.7242758696007892	-1.7242758696007892	-1.7242758696007892	-1.7242758696007892	-1.7242758696007892	-1.7242758696007892	-1.423245873936808	-1.7242758696007892	-1.7242758696007892	-1.7242758696007892	-1.7242758696007892	-1.7242758696007892	-1.7242758696007892	-1.7242758696007892	-1.7242758696007892	-1.7242758696007892	-1.7242758696007892
66	-1.7242758696007892	-1.7242758696007892	-1.7242758696007892	-1.7242758696007892	-1.7242758696007892	-1.7242758696007892	-1.7242758696007892	-1.7242758696007892	-1.7242758696007892	-1.7242758696007892	-1.7242758696007892	-1.7242758696007892	-1.7242758696007892	-1.7242758696007892	-1.423245873936808	-1.7242758696007892	-1.7242758696007892	-1.7242758696007892	-1.7242758696007892	-1.7242758696007892
67	-1.7242758696007892	-1.7242758696007892	-1.7242758696007892	-1.7242758696007892	-1.7242758696007892	-1.423245873936808	-1.7242758696007892	-1.7242758696007892	-1.7242758696007892	-1.7242758696007892	-1.7242758696007892	-1.7242758696007892	-1.7242758696007892	-1.7242758696007892	-1.7242758696007892	-1.7242758696007892	-1.7242758696007892	-1.7242758696007892	-1.7242758696007892	-1.7242758696007892
68	-1.7242758696007892	-1.7242758696007892	-1.7242758696007892	-1.7242758696007892	-1.7242758696007892	-1.7242758696007892	-1.429876452835821	-1.7242758696007892	-1.7242758696007892	-1.7242758696007892	-1.7242758696007892	-1.7242758696007892	-1.7242758696007892	-1.7242758696007892	-1.7242758696007892	-1.7242758696007892	-1.7242758696007892	-1.7113108924364213	-1.7242758696007892	-1.7242758696007892
69	-1.7242758696007892	-1.7242758696007892	-1.7242758696007892	-1.7242758696007892	-1.7242758696007892	-1.7242758696007892	-1.7242758696007892	-1.7242758696007892	-1.7242758696007892	-1.7242758696007892	-1.7242758696007892	-1.7242758696007892	-1.7242758696007892	-1.7242758696007892	-1.7242758696007892	-1.423245873936808	-1.7242758696007892	-1.7242758696007892	-1.7242758696007892	-1.7242758696007892
70	-1.7242758696007892	-1.7242758696007892	-1.7242758696007892	-1.7242758696007892	-1.7242758696007892	-1.7242758696007892	-1.7242758696007892	-1.423245873936808	-1.7242758696007892	-1.7242758696007892	-1.7242758696007892	-1.7242758696007892	-1.7242758696007892	-1.7242758696007892	-1.7242758696007892	-1.7242758696007892	-1.7242758696007892	-1.7242758696007892	-1.7242758696007892	-1.7242758696007892
71	-1.7113108924364213	-1.7242758696007892	-1.7242758696007892	-1.7242758696007892	-1.7242758696007892	-1.7113108924364213	-1.7242758696007892	-1.7113108924364213	-1.7242758696007892	-1.7242758696007892	-1.7242758696007892	-1.7242758696007892	-1.7242758696007892	-1.7242758696007892	-1.7242758696007892	-1.7242758696007892	-1.4503981199804226	-1.7113108924364213	-1.7242758696007892	-1.7242758696007892
72	-1.7242758696007892	-1.7242758696007892	-1.7242758696007892	-1.7242758696007892	-1.7242758696007892	-1.7242758696007892	-1.7242758696007892	-1.7113108924364213	-1.7242758696007892	-1.429876452835821	-1.7242758696007892	-1.7242758696007892	-1.7242758696007892	-1.7242758696007892	-1.7242758696007892	-1.7242758696007892	-1.7242758696007892	-1.7242758696007892	-1.7242758696007892	-1.7242758696007892
73	-1.7242758696007892	-1.7242758696007892	-1.7242758696007892	-1.7242758696007892	-1.7242758696007892	-1.7242758696007892	-1.7242758696007892	-1.7242758696007892	-1.7242758696007892	-1.7242758696007892	-1.423245873936808	-1.7242758696007892	-1.7242758696007892	-1.7242758696007892	-1.7242758696007892	-1.7242758696007892	-1.7242758696007892	-1.7242758696007892	-1.7242758696007892	-1.7242758696007892
74	-1.7242758696007892	-1.7242758696007892	-1.7242758696007892	-1.7242758696007892	-1.7242758696007892	-1.7242758696007892	-1.7242758696007892	-1.7242758696007892	-1.7242758696007892	-1.7242758696007892	-1.7242758696007892	-1.7242758696007892	-1.7242758696007892	-1.7242758696007892	-1.7242758696007892	-1.7242758696007892	-1.7242758696007892	-1.7242758696007892	-1.7242758696007892	-1.423245873936808
75	-1.423245873936808	-1.7242758696007892	-1.7242758696007892	-1.7242758696007892	-1.7242758696007892	-1.7242758696007892	-1.7242758696007892	-1.7242758696007892	-1.7242758696007892	-1.7242758696007892	-1.7242758696007892	-1.7242758696007892	-1.7242758696007892	-1.7242758696007892	-1.7242758696007892	-1.7242758696007892	-1.7242758696007892	-1.7242758696007892	-1.7242758696007892	-1.7242758696007892
76	-1.7242758696007892	-1.7242758696007892	-1.7242758696007892	-1.7242758696007892	-1.7242758696007892	-1.7242758696007892	-1.7242758696007892	-1.7242758696007892	-1.7242758696007892	-1.423245873936808	-1.7242758696007892	-1.7242758696007892	-1.7242758696007892	-1.7242758696007892	-1.7242758696007892	-1.7242758696007892	-1.7242758696007892	-1.7242758696007892	-1.7242758696007892	-1.7242758696007892
77	-1.7242758696007892	-1.7242758696007892	-1.7242758696007892	-1.7242758696007892	-1.7242758696007892	-1.7242758696007892	-1.7242758696007892	-1.7242758696007892	-1.7242758696007892	-1.7242758696007892	-1.7242758696007892	-1.7242758696007892	-1.7242758696007892	-1.423245873936808	-1.7242758696007892	-1.7242758696007892	-1.7242758696007892	-1.7242758696007892	-1.7242758696007892	-1.7242758696007892
78	-1.7113108924364213	-1.7242758696007892	-1.7242758696007892	-1.7242758696007892	-1.7242758696007892	-1.7242758696007892	-1.7242758696007892	-1.7242758696007892	-1.7242758696007892	-1.7242758696007892	-1.7242758696007892	-1.429876452835821	-1.7242758696007892	-1.7242758696007892	-1.7242758696007892	-1.7242758696007892	-1.7242758696007892	-1.7242758696007892	-1.7242758696007892	-1.7242758696007892
79	-1.7242758696007892	-1.7242758696007892	-1.7242758696007892	-1.7242758696007892	-1.429876452835821	-1.7242758696007892	-1.7242758696007892	-1.7242758696007892	-1.7242758696007892	-1.7242758696007892	-1.7242758696007892	-1.7242758696007892	-1.7242758696007892	-1.7242758696007892	-1.7242758696007892	-1.7242758696007892	-1.7242758696007892	-1.7242758696007892	-1.7242758696007892	-1.7113108924364213
80	-1.7242758696007892	-1.7242758696007892	-1.7242758696007892	-1.7242758696007892	-1.7242758696007892	-1.7242758696007892	-1.7242758696007892	-1.4366098354947894	-1.7242758696007892	-1.7242758696007892	-1.7242758696007892	-1.7242758696007892	-1.7242758696007892	-1.7242758696007892	-1.7242758696007892	-1.7242758696007892	-1.7242758696007892	-1.698721765128401	-1.7242758696007892	-1.7242758696007892
81	-1.7242758696007892	-1.7242758696007892	-1.423245873936808	-1.7242758696007892	-1.7242758696007892	-1.7242758696007892	-1.7242758696007892	-1.7242758696007892	-1.7242758696007892	-1.7242758696007892	-1.7242758696007892	-1.7242758696007892	-1.7242758696007892	-1.7242758696007892	-1.7242758696007892	-1.7242758696007892	-1.7242758696007892	-1.7242758696007892	-1.7242758696007892	-1.7242758696007892
82	-1.7242758696007892	-1.7242758696007892	-1.7242758696007892	-1.7242758696007892	-1.7242758696007892	-1.7242758696007892	-1.698721765128401	-1.7242758696007892	-1.7242758696007892	-1.7242758696007892	-1.7242758696007892	-1.7242758696007892	-1.7242758696007892	-1.4366098354947894	-1.7242758696007892	-1.7242758696007892	-1.7242758696007892	-1.7242758696007892	-1.7242758696007892	-1.7242758696007892
83	-1.7242758696007892	-1.7242758696007892	-1.7242758696007892	-1.7242758696007892	-1.7242758696007892	-1.7242758696007892	-1.7242758696007892	-1.7242758696007892	-1.7242758696007892	-1.423245873936808	-1.7242758696007892	-1.7242758696007892	-1.7242758696007892	-1.7242758696007892	-1.7242758696007892	-1.7242758696007892	-1.7242758696007892	-1.7242758696007892	-1.7242758696007892	-1.7242758696007892
84	-1.7242758696007892	-1.7242758696007892	-1.423245873936808	-1.7242758696007892	-1.7242758696007892	-1.7242758696007892	-1.7242758696007892	-1.7242758696007892	-1.7242758696007892	-1.7242758696007892	-1.7242758696007892	-1.7242758696007892	-1.7242758696007892	-1.7242758696007892	-1.7242758696007892	-1.7242758696007892	-1.7242758696007892	-1.7242758696007892	-1.7242758696007892	-1.7242758696007892
85	-1.7242758696007892	-1.7242758696007892	-1.7242758696007892	-1.7242758696007892	-1.7242758696007892	-1.7242758696007892	-1.7242758696007892	-1.7242758696007892	-1.7242758696007892	-1.7242758696007892	-1.7242758696007892	-1.4434492600250948	-1.7242758696007892	-1.7242758696007892	-1.7242758696007892	-1.6864873087113894	-1.7242758696007892	-1.7242758696007892	-1.7242758696007892	-1.7242758696007892
86	-1.7242758696007892	-1.7242758696007892	-1.7242758696007892	-1.7242758696007892	-1.7242758696007892	-1.7242758696007892	-1.7242758696007892	-1.7242758696007892	-1.7242758696007892	-1.7242758696007892	-1.7242758696007892	-1.7242758696007892	-1.4434492600250948	-1.7242758696007892	-1.7242758696007892	-1.7242758696007892	-1.6864873087113894	-1.7242758696007892	-1.7242758696007892	-1.7242758696007892
87	-1.698721765128401	-1.7242758696007892	-1.4366098354947894	-1.7242758696007892	-1.7242758696007892	-1.7242758696007892	-1.7242758696007892	-1.7242758696007892	-1.7242758696007892	-1.7242758696007892	-1.7242758696007892	-1.7242758696007892	-1.7242758696007892	-1.7242758696007892	-1.7242758696007892	-1.7242758696007892	-1.7242758696007892	-1.7242758696007892	-1.7242758696007892	-1.7242758696007892
88	-1.7242758696007892	-1.7242758696007892	-1.423245873936808	-1.7242758696007892	-1.7242758696007892	-1.7242758696007892	-1.7242758696007892	-1.7242758696007892	-1.7242758696007892	-1.7242758696007892	-1.7242758696007892	-1.7242758696007892	-1.7242758696007892	-1.7242758696007892	-1.7242758696007892	-1.7242758696007892	-1.7242758696007892	-1.7242758696007892	-1.7242758696007892	-1.7242758696007892
89	-1.7242758696007892	-1.7242758696007892	-1.7242758696007892	-1.7242758696007892	-1.7242758696007892	-1.7242758696007892	-1.7242758696007892	-1.7242758696007892	-1.7242758696007892	-1.423245873936808	-1.7242758696007892	-1.7242758696007892	-1.7242758696007892	-1.7242758696007892	-1.7242758696007892	-1.7242758696007892	-1.7242758696007892	-1.7242758696007892	-1.7242758696007892	-1.7242758696007892
90	-1.7242758696007892	-1.7242758696007892	-1.7242758696007892	-1.7242758696007892	-1.7242758696007892	-1.7242758696007892	-1.7242758696007892	-1.6864873087113894	-1.7242758696007892	-1.7242758696007892	-1.7242758696007892	-1.7242758696007892	-1.7242758696007892	-1.7242758696007892	-1.7242758696007892	-1.7242758696007892	-1.7242758696007892	-1.4434492600250948	-1.7242758696007892	-1.7242758696007892
91	-1.7242758696007892	-1.423245873936808	-1.7242758696007892	-1.7242758696007892	-1.7242758696007892	-1.7242758696007892	-1.7242758696007892	-1.7242758696007892	-1.7242758696007892	-1.7242758696007892	-1.7242758696007892	-1.7242758696007892	-1.7242758696007892	-1.7242758696007892	-1.7242758696007892	-1.7242758696007892	-1.7242758696007892	-1.7242758696007892	-1.7242758696007892	-1.7242758696007892
92	-1.7242758696007892	-1.7242758696007892	-1.7242758696007892	-1.7242758696007892	-1.7242758696007892	-1.7242758696007892	-1.7242758696007892	-1.7242758696007892	-1.7242758696007892	-1.7242758696007892	-1.7242758696007892	-1.7242758696007892	-1.7242758696007892	-1.7242758696007892	-1.7242758696007892	-1.7242758696007892	-1.7242758696007892	-1.423245873936808	-1.7242758696007892	-1.7242758696007892
93	-1.7242758696007892	-1.7242758696007892	-1.7242758696007892	-1.7242758696007892	-1.7242758696007892	-1.7242758696007892	-1.7242758696007892	-1.7242758696007892	-1.7242758696007892	-1.7242758696007892	-1.7242758696007892	-1.7242758696007892	-1.7242758696007892	-1.7242758696007892	-1.7242758696007892	-1.7242758696007892	-1.7242758696007892	-1.423245873936808	-1.7242758696007892	-1.7242758696007892
94	-1.7242758696007892	-1.7242758696007892	-1.7242758696007892	-1.423245873936808	-1.7242758696007892	-1.7242758696007892	-1.7242758696007892	-1.7242758696007892	-1.7242758696007892	-1.7242758696007892	-1.7242758696007892	-1.7242758696007892	-1.7242758696007892	-1.7242758696007892	-1.7242758696007892	-1.7242758696007892	-1.7242758696007892	-1.7242758696007892	-1.7242758696007892	-1.7242758696007892
95	-1.7242758696007892	-1.7242758696007892	-1.7242758696007892	-1.7242758696007892	-1.7242758696007892	-1.7242758696007892	-1.7242758696007892	-1.7242758696007892	-1.429876452835821	-1.7242758696007892	-1.7242758696007892	-1.7242758696007892	-1.7242758696007892	-1.7242758696007892	-1.7113108924364213	-1.7242758696007892	-1.7242758696007892	-1.7242758696007892	-1.7242758696007892	-1.7242758696007892
96	-1.7242758696007892	-1.7242758696007892	-1.7242758696007892	-1.7242758696007892	-1.4434492600250948	-1.7242758696007892	-1.7242758696007892	-1.7242758696007892	-1.7242758696007892	-1.7113108924364213	-1.7242758696007892	-1.7242758696007892	-1.7242758696007892	-1.7242758696007892	-1.7242758696007892	-1.7242758696007892	-1.7242758696007892	-1.7113108924364213	-1.7242758696007892	-1.7113108924364213
97	-1.423245873936808	-1.7242758696007892	-1.7242758696007892	-1.7242758696007892	-1.7242758696007892	-1.7242758696007892	-1.7242758696007892	-1.7242758696007892	-1.7242758696007892	-1.7242758696007892	-1.7242758696007892	-1.7242758696007892	-1.7242758696007892	-1.7242758696007892	-1.7242758696007892	-1.7242758696007892	-1.7242758696007892	-1.7242758696007892	-1.7242758696007892	-1.7242758696007892
98	-1.7242758696007892	-1.7242758696007892	-1.7242758696007892	-1.7242758696007892	-1.7242758696007892	-1.7242758696007892	-1.7242758696007892	-1.7242758696007892	-1.7242758696007892	-1.7242758696007892	-1.7242758696007892	-1.7242758696007892	-1.7242758696007892	-1.7242758696007892	-1.7242758696007892	-1.7242758696007892	-1.7242758696007892	-1.423245873936808	-1.7242758696007892	-1.7242758696007892
99	-1.7113108924364213	-1.7242758696007892	-1.7242758696007892	-1.7242758696007892	-1.7242758696007892	-1.7242758696007892	-1.7242758696007892	-1.7242758696007892	-1.7242758696007892	-1.7242758696007892	-1.7242758696007892	-1.429876452835821	-1.7242758696007892	-1.7242758696007892	-1.7242758696007892	-1.7242758696007892	-1.7242758696007892	-1.7242758696007892	-1.7242758696007892	-1.7242758696007892
100	-1.7242758696007892	-1.7242758696007892	-1.7242758696007892	-1.7242758696007892	-1.7242758696007892	-1.7242758696007892	-1.423245873936808	-1.7242758696007892	-1.7242758696007892	-1.7242758696007892	-1.7242758696007892	-1.7242758696007892	-1.7242758696007892	-1.7242758696007892	-1.7242758696007892	-1.7242758696007892	-1.7242758696007892	-1.7242758696007892	-1.7242758696007892	-1.7242758696007892
101	-1.7242758696007892	-1.7242758696007892	-1.7242758696007892	-1.7242758696007892	-1.7242758696007892	-1.7242758696007892	-1.7242758696007892	-1.423245873936808	-1.7242758696007892	-1.7242758696007892	-1.7242758696007892	-1.7242758696007892	-1.7242758696007892	-1.7242758696007892	-1.7242758696007892	-1.7242758696007892	-1.7242758696007892	-1.7242758696007892	-1.7242758696007892	-1.7242758696007892
102	-1.7242758696007892	-1.7242758696007892	-1.7242758696007892	-1.7242758696007892	-1.7242758696007892	-1.7242758696007892	-1.7242758696007892	-1.7242758696007892	-1.7242758696007892	-1.7242758696007892	-1.7242758696007892	-1.698721765128401	-1.7242758696007892	-1.7242758696007892	-1.7242758696007892	-1.7242758696007892	-1.4366098354947894	-1.7242758696007892	-1.7242758696007892	-1.7242758696007892
103	-1.7242758696007892	-1.7242758696007892	-1.7242758696007892	-1.7242758696007892	-1.7242758696007892	-1.7242758696007892	-1.7242758696007892	-1.7242758696007892	-1.7113108924364213	-1.7242758696007892	-1.7242758696007892	-1.7242758696007892	-1.7242758696007892	-1.7242758696007892	-1.429876452835821	-1.7242758696007892	-1.7242758696007892	-1.7242758696007892	-1.7242758696007892	-1.7242758696007892
104	-1.7242758696007892	-1.7242758696007892	-1.7242758696007892	-1.7242758696007892	-1.7242758696007892	-1.7242758696007892	-1.7242758696007892	-1.7242758696007892	-1.423245873936808	-1.7242758696007892	-1.7242758696007892	-1.7242758696007892	-1.7242758696007892	-1.7242758696007892	-1.7242758696007892	-1.7242758696007892	-1.7242758696007892	-1.7242758696007892	-1.7242758696007892	-1.7242758696007892
105	-1.7242758696007892	-1.7242758696007892	-1.7242758696007892	-1.7242758696007892	-1.7242758696007892	-1.7242758696007892	-1.7242758696007892	-1.423245873936808	-1.7242758696007892	-1.7242758696007892	-1.7242758696007892	-1.7242758696007892	-1.7242758696007892	-1.7242758696007892	-1.7242758696007892	-1.7242758696007892	-1.7242758696007892	-1.7242758696007892	-1.7242758696007892	-1.7242758696007892
106	-1.7242758696007892	-1.7242758696007892	-1.7242758696007892	-1.7242758696007892	-1.7242758696007892	-1.7242758696007892	-1.7242758696007892	-1.7242758696007892	-1.7242758696007892	-1.7242758696007892	-1.7242758696007892	-1.7242758696007892	-1.7242758696007892	-1.7242758696007892	-1.7242758696007892	-1.423245873936808	-1.7242758696007892	-1.7242758696007892	-1.7242758696007892	-1.7242758696007892
107	-1.429876452835821	-1.7242758696007892	-1.7242758696007892	-1.7242758696007892	-1.7242758696007892	-1.7113108924364213	-1.7242758696007892	-1.7242758696007892	-1.7242758696007892	-1.7242758696007892	-1.7242758696007892	-1.7242758696007892	-1.7242758696007892	-1.7242758696007892	-1.7242758696007892	-1.7242758696007892	-1.7242758696007892	-1.7242758696007892	-1.7242758696007892	-1.7242758696007892
108	-1.423245873936808	-1.7242758696007892	-1.7242758696007892	-1.7242758696007892	-1.7242758696007892	-1.7242758696007892	-1.7242758696007892	-1.7242758696007892	-1.7242758696007892	-1.7242758696007892	-1.7242758696007892	-1.7242758696007892	-1.7242758696007892	-1.7242758696007892	-1.7242758696007892	-1.7242758696007892	-1.7242758696007892	-1.7242758696007892	-1.7242758696007892	-1.7242758696007892
109	-1.7242758696007892	-1.7242758696007892	-1.7242758696007892	-1.423245873936808	-1.7242758696007892	-1.7242758696007892	-1.7242758696007892	-1.7242758696007892	-1.7242758696007892	-1.7242758696007892	-1.7242758696007892	-1.7242758696007892	-1.7242758696007892	-1.7242758696007892	-1.7242758696007892	-1.7242758696007892	-1.7242758696007892	-1.7242758696007892	-1.7242758696007892	-1.7242758696007892
110	-1.7242758696007892	-1.7242758696007892	-1.7242758696007892	-1.7242758696007892	-1.423245873936808	-1.7242758696007892	-1.7242758696007892	-1.7242758696007892	-1.7242758696007892	-1.7242758696007892	-1.7242758696007892	-1.7242758696007892	-1.7242758696007892	-1.7242758696007892	-1.7242758696007892	-1.7242758696007892	-1.7242758696007892	-1.7242758696007892	-1.7242758696007892	-1.7242758696007892
111	-1.7242758696007892	-1.7242758696007892	-1.7242758696007892	-1.7242758696007892	-1.7242758696007892	-1.423245873936808	-1.7242758696007892	-1.7242758696007892	-1.7242758696007892	-1.7242758696007892	-1.7242758696007892	-1.7242758696007892	-1.7242758696007892	-1.7242758696007892	-1.7242758696007892	-1.7242758696007892	-1.7242758696007892	-1.7242758696007892	-1.7242758696007892	-1.7242758696007892
112	-1.7242758696007892	-1.7242758696007892	-1.7242758696007892	-1.7242758696007892	-1.7242758696007892	-1.7242758696007892	-1.7242758696007892	-1.7242758696007892	-1.423245873936808	-1.7242758696007892	-1.7242758696007892	-1.7242758696007892	-1.7242758696007892	-1.7242758696007892	-1.7242758696007892	-1.7242758696007892	-1.7242758696007892	-1.7242758696007892	-1.7242758696007892	-1.7242758696007892
113	-1.7242758696007892	-1.7242758696007892	-1.7242758696007892	-1.7242758696007892	-1.7113108924364213	-1.7242758696007892	-1.7242758696007892	-1.4434492600250948	-1.7242758696007892	-1.7242758696007892	-1.698721765128401	-1.7242758696007892	-1.7242758696007892	-1.7242758696007892	-1.7242758696007892	-1.7242758696007892	-1.7242758696007892	-1.7242758696007892	-1.7242758696007892	-1.7242758696007892
114	-1.7242758696007892	-1.7242758696007892	-1.7242758696007892	-1.7242758696007892	-1.7242758696007892	-1.7242758696007892	-1.7242758696007892	-1.7242758696007892	-1.7242758696007892	-1.7242758696007892	-1.7242758696007892	-1.423245873936808	-1.7242758696007892	-1.7242758696007892	-1.7242758696007892	-1.7242758696007892	-1.7242758696007892	-1.7242758696007892	-1.7242758696007892	-1.7242758696007892
115	-1.7242758696007892	-1.7242758696007892	-1.7242758696007892	-1.7242758696007892	-1.7242758696007892	-1.423245873936808	-1.7242758696007892	-1.7242758696007892	-1.7242758696007892	-1.7242758696007892	-1.7242758696007892	-1.7242758696007892	-1.7242758696007892	-1.7242758696007892	-1.7242758696007892	-1.7242758696007892	-1.7242758696007892	-1.7242758696007892	-1.7242758696007892	-1.7242758696007892
116	-1.7242758696007892	-1.7242758696007892	-1.7242758696007892	-1.7242758696007892	-1.7242758696007892	-1.7242758696007892	-1.7242758696007892	-1.7242758696007892	-1.7242758696007892	-1.7242758696007892	-1.7242758696007892	-1.7242758696007892	-1.423245873936808	-1.7242758696007892	-1.7242758696007892	-1.7242758696007892	-1.7242758696007892	-1.7242758696007892	-1.7242758696007892	-1.7242758696007892
117	-1.7242758696007892	-1.7242758696007892	-1.7242758696007892	-1.7242758696007892	-1.7242758696007892	-1.7242758696007892	-1.7242758696007892	-1.4503981199804226	-1.7242758696007892	-1.7242758696007892	-1.6864873087113894	-1.7113108924364213	-1.7242758696007892	-1.7242758696007892	-1.7242758696007892	-1.7242758696007892	-1.7242758696007892	-1.7242758696007892	-1.7242758696007892	-1.7242758696007892
118	-1.7242758696007892	-1.7242758696007892	-1.7242758696007892	-1.7242758696007892	-1.7242758696007892	-1.7242758696007892	-1.7242758696007892	-1.7242758696007892	-1.423245873936808	-1.7242758696007892	-1.7242758696007892	-1.7242758696007892	-1.7242758696007892	-1.7242758696007892	-1.7242758696007892	-1.7242758696007892	-1.7242758696007892	-1.7242758696007892	-1.7242758696007892	-1.7242758696007892
119	-1.7242758696007892	-1.7242758696007892	-1.7242758696007892	-1.7242758696007892	-1.7242758696007892	-1.7242758696007892	-1.7242758696007892	-1.7242758696007892	-1.423245873936808	-1.7242758696007892	-1.7242758696007892	-1.7242758696007892	-1.7242758696007892	-1.7242758696007892	-1.7242758696007892	-1.7242758696007892	-1.7242758696007892	-1.7242758696007892	-1.7242758696007892	-1.7242758696007892
120	-1.7242758696007892	-1.7242758696007892	-1.7242758696007892	-1.7242758696007892	-1.7242758696007892	-1.7242758696007892	-1.7242758696007892	-1.7242758696007892	-1.7242758696007892	-1.7242758696007892	-1.7242758696007892	-1.7242758696007892	-1.7242758696007892	-1.7242758696007892	-1.7242758696007892	-1.7242758696007892	-1.7242758696007892	-1.423245873936808	-1.7242758696007892	-1.7242758696007892
121	-1.7242758696007892	-1.7242758696007892	-1.7242758696007892	-1.7242758696007892	-1.7242758696007892	-1.7242758696007892	-1.7242758696007892	-1.7242758696007892	-1.7242758696007892	-1.423245873936808	-1.7242758696007892	-1.7242758696007892	-1.7242758696007892	-1.7242758696007892	-1.7242758696007892	-1.7242758696007892	-1.7242758696007892	-1.7242758696007892	-1.7242758696007892	-1.7242758696007892
122	-1.423245873936808	-1.7242758696007892	-1.7242758696007892	-1.7242758696007892	-1.7242758696007892	-1.7242758696007892	-1.7242758696007892	-1.7242758696007892	-1.7242758696007892	-1.7242758696007892	-1.7242758696007892	-1.7242758696007892	-1.7242758696007892	-1.7242758696007892	-1.7242758696007892	-1.7242758696007892	-1.7242758696007892	-1.7242758696007892	-1.7242758696007892	-1.7242758696007892
123	-1.7242758696007892	-1.7242758696007892	-1.7242758696007892	-1.7242758696007892	-1.7242758696007892	-1.7242758696007892	-1.7242758696007892	-1.7242758696007892	-1.7242758696007892	-1.7242758696007892	-1.7242758696007892	-1.7242758696007892	-1.7242758696007892	-1.7242758696007892	-1.7242758696007892	-1.423245873936808	-1.7242758696007892	-1.7242758696007892	-1.7242758696007892	-1.7242758696007892
124	-1.7242758696007892	-1.7242758696007892	-1.7242758696007892	-1.7242758696007892	-1.7242758696007892	-1.7242758696007892	-1.7242758696007892	-1.7242758696007892	-1.4366098354947894	-1.698721765128401	-1.7242758696007892	-1.7242758696007892	-1.7242758696007892	-1.7242758696007892	-1.7242758696007892	-1.7242758696007892	-1.7242758696007892	-1.7242758696007892	-1.7242758696007892	-1.7242758696007892
125	-1.7242758696007892	-1.7242758696007892	-1.7242758696007892	-1.7242758696007892	-1.7242758696007892	-1.7242758696007892	-1.7242758696007892	-1.7242758696007892	-1.7242758696007892	-1.7242758696007892	-1.7242758696007892	-1.423245873936808	-1.7242758696007892	-1.7242758696007892	-1.7242758696007892	-1.7242758696007892	-1.7242758696007892	-1.7242758696007892	-1.7242758696007892	-1.7242758696007892
126	-1.7242758696007892	-1.7242758696007892	-1.7242758696007892	-1.7242758696007892	-1.423245873936808	-1.7242758696007892	-1.7242758696007892	-1.7242758696007892	-1.7242758696007892	-1.7242758696007892	-1.7242758696007892	-1.7242758696007892	-1.7242758696007892	-1.7242758696007892	-1.7242758696007892	-1.7242758696007892	-1.7242758696007892	-1.7242758696007892	-1.7242758696007892	-1.7242758696007892
127	-1.7242758696007892	-1.7242758696007892	-1.7242758696007892	-1.7242758696007892	-1.7242758696007892	-1.423245873936808	-1.7242758696007892	-1.7242758696007892	-1.7242758696007892	-1.7242758696007892	-1.7242758696007892	-1.7242758696007892	-1.7242758696007892	-1.7242758696007892	-1.7242758696007892	-1.7242758696007892	-1.7242758696007892	-1.7242758696007892	-1.7242758696007892	-1.7242758696007892
128	-1.7242758696007892	-1.7242758696007892	-1.423245873936808	-1.7242758696007892	-1.7242758696007892	-1.7242758696007892	-1.7242758696007892	-1.7242758696007892	-1.7242758696007892	-1.7242758696007892	-1.7242758696007892	-1.7242758696007892	-1.7242758696007892	-1.7242758696007892	-1.7242758696007892	-1.7242758696007892	-1.7242758696007892	-1.7242758696007892	-1.7242758696007892	-1.7242758696007892
129	-1.7242758696007892	-1.7242758696007892	-1.7242758696007892	-1.7242758696007892	-1.7242758696007892	-1.7242758696007892	-1.7242758696007892	-1.7242758696007892	-1.4366098354947894	-1.7242758696007892	-1.7242758696007892	-1.7242758696007892	-1.7242758696007892	-1.7242758696007892	-1.698721765128401	-1.7242758696007892	-1.7242758696007892	-1.7242758696007892	-1.7242758696007892	-1.7242758696007892
130	-1.7242758696007892	-1.7242758696007892	-1.7242758696007892	-1.7242758696007892	-1.7242758696007892	-1.7242758696007892	-1.7242758696007892	-1.7242758696007892	-1.7242758696007892	-1.7242758696007892	-1.7242758696007892	-1.7242758696007892	-1.7242758696007892	-1.7242758696007892	-1.7242758696007892	-1.7242758696007892	-1.7242758696007892	-1.7242758696007892	-1.7242758696007892	-1.423245873936808
131	-1.423245873936808	-1.7242758696007892	-1.7242758696007892	-1.7242758696007892	-1.7242758696007892	-1.7242758696007892	-1.7242758696007892	-1.7242758696007892	-1.7242758696007892	-1.7242758696007892	-1.7242758696007892	-1.7242758696007892	-1.7242758696007892	-1.7242758696007892	-1.7242758696007892	-1.7242758696007892	-1.7242758696007892	-1.7242758696007892	-1.7242758696007892	-1.7242758696007892
132	-1.7242758696007892	-1.7242758696007892	-1.7242758696007892	-1.7242758696007892	-1.7242758696007892	-1.7242758696007892	-1.7242758696007892	-1.7242758696007892	-1.7242758696007892	-1.7242758696007892	-1.7242758696007892	-1.423245873936808	-1.7242758696007892	-1.7242758696007892	-1.7242758696007892	-1.7242758696007892	-1.7242758696007892	-1.7242758696007892	-1.7242758696007892	-1.7242758696007892
133	-1.423245873936808	-1.7242758696007892	-1.7242758696007892	-1.7242758696007892	-1.7242758696007892	-1.7242758696007892	-1.7242758696007892	-1.7242758696007892	-1.7242758696007892	-1.7242758696007892	-1.7242758696007892	-1.7242758696007892	-1.7242758696007892	-1.7242758696007892	-1.7242758696007892	-1.7242758696007892	-1.7242758696007892	-1.7242758696007892	-1.7242758696007892	-1.7242758696007892
134	-1.7242758696007892	-1.7242758696007892	-1.7242758696007892	-1.7242758696007892	-1.7242758696007892	-1.7242758696007892	-1.7242758696007892	-1.7242758696007892	-1.7242758696007892	-1.7242758696007892	-1.7242758696007892	-1.7242758696007892	-1.7242758696007892	-1.7242758696007892	-1.7242758696007892	-1.7242758696007892	-1.7242758696007892	-1.7242758696007892	-1.423245873936808	-1.7242758696007892
135	-1.423245873936808	-1.7242758696007892	-1.7242758696007892	-1.7242758696007892	-1.7242758696007892	-1.7242758696007892	-1.7242758696007892	-1.7242758696007892	-1.7242758696007892	-1.7242758696007892	-1.7242758696007892	-1.7242758696007892	-1.7242758696007892	-1.7242758696007892	-1.7242758696007892	-1.7242758696007892	-1.7242758696007892	-1.7242758696007892	-1.7242758696007892	-1.7242758696007892
136	-1.7242758696007892	-1.7242758696007892	-1.7242758696007892	-1.7242758696007892	-1.7242758696007892	-1.7242758696007892	-1.7242758696007892	-1.7242758696007892	-1.423245873936808	-1.7242758696007892	-1.7242758696007892	-1.7242758696007892	-1.7242758696007892	-1.7242758696007892	-1.7242758696007892	-1.7242758696007892	-1.7242758696007892	-1.7242758696007892	-1.7242758696007892	-1.7242758696007892
137	-1.7242758696007892	-1.7242758696007892	-1.7242758696007892	-1.7242758696007892	-1.7242758696007892	-1.7242758696007892	-1.7242758696007892	-1.7242758696007892	-1.7242758696007892	-1.423245873936808	-1.7242758696007892	-1.7242758696007892	-1.7242758696007892	-1.7242758696007892	-1.7242758696007892	-1.7242758696007892	-1.7242758696007892	-1.7242758696007892	-1.7242758696007892	-1.7242758696007892
138	-1.7242758696007892	-1.7242758696007892	-1.7242758696007892	-1.7242758696007892	-1.7242758696007892	-1.7242758696007892	-1.7242758696007892	-1.7242758696007892	-1.7242758696007892	-1.7242758696007892	-1.7242758696007892	-1.7242758696007892	-1.7242758696007892	-1.7242758696007892	-1.7242758696007892	-1.7242758696007892	-1.7242758696007892	-1.423245873936808	-1.7242758696007892	-1.7242758696007892
139	-1.429876452835821	-1.7242758696007892	-1.7242758696007892	-1.7242758696007892	-1.7242758696007892	-1.7113108924364213	-1.7242758696007892	-1.7242758696007892	-1.7242758696007892	-1.7242758696007892	-1.7242758696007892	-1.7242758696007892	-1.7242758696007892	-1.7242758696007892	-1.7242758696007892	-1.7242758696007892	-1.7242758696007892	-1.7242758696007892	-1.7242758696007892	-1.7242758696007892
140	-1.7242758696007892	-1.7242758696007892	-1.7242758696007892	-1.7242758696007892	-1.7242758696007892	-1.7242758696007892	-1.7242758696007892	-1.7242758696007892	-1.7242758696007892	-1.7242758696007892	-1.7242758696007892	-1.7242758696007892	-1.7242758696007892	-1.7242758696007892	-1.7242758696007892	-1.7242758696007892	-1.7242758696007892	-1.423245873936808	-1.7242758696007892	-1.7242758696007892
141	-1.7242758696007892	-1.7242758696007892	-1.7242758696007892	-1.7242758696007892	-1.7242758696007892	-1.7242758696007892	-1.7242758696007892	-1.7242758696007892	-1.7242758696007892	-1.7242758696007892	-1.7242758696007892	-1.7242758696007892	-1.7242758696007892	-1.7242758696007892	-1.7242758696007892	-1.7242758696007892	-1.7242758696007892	-1.423245873936808	-1.7242758696007892	-1.7242758696007892
142	-1.7242758696007892	-1.7242758696007892	-1.7242758696007892	-1.7242758696007892	-1.7242758696007892	-1.7242758696007892	-1.7242758696007892	-1.7242758696007892	-1.7242758696007892	-1.7242758696007892	-1.7242758696007892	-1.7242758696007892	-1.7242758696007892	-1.423245873936808	-1.7242758696007892	-1.7242758696007892	-1.7242758696007892	-1.7242758696007892	-1.7242758696007892	-1.7242758696007892
143	-1.423245873936808	-1.7242758696007892	-1.7242758696007892	-1.7242758696007892	-1.7242758696007892	-1.7242758696007892	-1.7242758696007892	-1.7242758696007892	-1.7242758696007892	-1.7242758696007892	-1.7242758696007892	-1.7242758696007892	-1.7242758696007892	-1.7242758696007892	-1.7242758696007892	-1.7242758696007892	-1.7242758696007892	-1.7242758696007892	-1.7242758696007892	-1.7242758696007892
144	-1.423245873936808	-1.7242758696007892	-1.7242758696007892	-1.7242758696007892	-1.7242758696007892	-1.7242758696007892	-1.7242758696007892	-1.7242758696007892	-1.7242758696007892	-1.7242758696007892	-1.7242758696007892	-1.7242758696007892	-1.7242758696007892	-1.7242758696007892	-1.7242758696007892	-1.7242758696007892	-1.7242758696007892	-1.7242758696007892	-1.7242758696007892	-1.7242758696007892
145	-1.7242758696007892	-1.7242758696007892	-1.7242758696007892	-1.7242758696007892	-1.7242758696007892	-1.7242758696007892	-1.7242758696007892	-1.7242758696007892	-1.7242758696007892	-1.423245873936808	-1.7242758696007892	-1.7242758696007892	-1.7242758696007892	-1.7242758696007892	-1.7242758696007892	-1.7242758696007892	-1.7242758696007892	-1.7242758696007892	-1.7242758696007892	-1.7242758696007892
